VOCABULORUM. ’ 595 '

uouebat 964, 239 101, 713. 104, 3. 106, 49 sparsum 98, 549
’ sonabile 983, 783 110,168.111,274. 116, sparsumque 155, 544,
sonabunt 999, 905 · 305. 119, 405,419. 191, 8Ρ31311113206,442
sonam 19 333' 451. et ali’bi sp·n··smus 16, 953
= nonant 106, 50. 119, 393. soron-1 68 745. 69, 758. 179, S assus ⁴242. 567. 470, 790
961,174. 380,419. 467, ι295. 178, 441. 180, 537. 9011311083, 208
734 · 183, 604 Sparte 176, 414. 454, 496,
300001οω358, 598 sonori’a 117, 334. 974, 538 4⁶28
sonantes 353, ’375 sor81i1)ns5'4‚37⁴2.119‚418 Sparten 901, 170. 993, 917
sonant1342 40 sororis 71, 803. 180, 535. 311311011168117, 364
sonantia44. 191. 941, 539 183, 606, 610. 181, 630. spat=a11t1a 4¹6 699
sonantibussso, 501 191, 54. ⁹967, 397 3931110111)οε 108, 87

sonarent 96, 550. 990, 146 sororum 37, 763. 40, 14. 53, 3001150101· 314, 6⁹4
sonat 77, 7'5. 81‚161. 123, 346. 1534', 791. 145, 968. spatiarer 61, 573
593. 182¹, 589,597. 996,146, 305. 941, 534. 273, spatj=24, 440. 243, 577
139. 330, 508. 348, 926. 506. 470, 781. 471, 808 spatiis 40, 96

398, 892. 461,606 sors 55, 386 927,171. 979, spatio 29, 411. 47, 907. 900,
sonent 146, 997 675. 3733 91⁴2. 383, 485. 307. ’2,30, 948. 979, 685.
sonis 118, 399 419. 951. 49,1 489 998, 365. 3⁴- 9, 469. 337,
50011030,573.171,930 sonsque 96, 551 ⁴ 71- ’.1 350, 984. 446, 944
εοηῇῑιιᾳιιε 158, 616 sorte 51›91.147,.‘318.41‘2,S{fflti⁰<11¹⁰ ⁵9 517· ‘29'1 175
sonitum 76, 37'. 94, 498 951 spatiosa 347, 186. 498, 661.
sono90,387.14‘t,193. 160, sortem 88,329.198,643 469 695

664. 318, 18. '348, 2051 145, 2072 ερειιὶυςς. m 76 ‘20

369, 197. 418, 429 > sortemque 91, 381. 367, 88 spatiosi 379, 906
⁴sonos 39, 658 90, 378 sortes 91, 368. 306‚{1.1c2 3ρο11(150475,849
sontem 163, 618. ’,321 968 371,164'. 455, 466. 463, spati-osum 358, 753
sontes 308, ’697 647 sp1t3‹›sumq te 941, 599
50011385, 563 50711389, 651 spatium ‘2:3, 497. 46, 168.
sonuere 199, 499. 687, 608 sortibus 79, 130 47, 197. 56, 417. 65, 679·
sonuit 149, 904 sortis 99,389.1ξ8,613. 185, 71, 80‘2. 78, 95. 79, 194.
sonum 35', 708. 919, 699. 680. 375, 977 8-2, 195. 100, 677. 179,

333, 601. 337, 735. 349, sortita 19, 241. 79, 194. 973, 487. 195, 173. 214, 670.

51. 350, 976. 430, 740. 499 9.·)0,791. 317,176

458, 597 , sonito 943, 955 · spatiumque 918, 788. 445,

· , nonumque 81, 937. 989, 776 sortitusss? 8, 758 92 5
sonus 65, 667. 91,401. 141, sospes 190, 40. 258, 99 339, Spe ⁶28, 539. 330, 597. 430.

154. 2⁶28, 16. 949, 770. 580 715. 444, 203

494. 578. 431, 749 sospite 905, 495. 404, 39. speque 913, 648
sopire 194, 149 494,574. 455,440 specle 199, 83. 914, 687.
sopistis 196, 913 spargan1397, 866 5298,181. 944, 696. 303,
5011110 979, 478. 390, 951 ’ spargensque 89,190 598.167,743
sopitus 35’1, 317 spargentem 361, 600 ὅροι-10006536, 677
⁸0p0r34, 686 99, 631 913, spargue 9) 599 spectem 5, 35. 3,1 619101,

667 spargere 159, 647. 919, 638 685.11.13,195.979,479.

sopore 951, 817. 439, 779 δραι-1210101414, ‘299- 420, 470 356, 473. 448, 306. 458,
soporem 35, 715. 179, 493. spargit71. 801. 78, 105. 113, 509
399, 307. 333, 606. 336, 950. 167, 140. 195, 199. species ¹23, 4⁶36. 400, 964.

677 951, 890. 956, 35. 309, 41—3,199. 416,25‘2
εοροτῇἲεηπι 339, 586 739. 333, 607. 404, 57. speciem 191, 69
23383.⁴{'’21‚21¹⁷. ...ἓῖΞῦἓέ 655 ἰὲἓὲἲῗοῖ-’ἲ 3¹7⁶ ¹⁵³³
,οι-1161111175, 40 sparsae 451,359 spectabat 5 3¹2. 698. 94, 505.
sorbere 191, 64 -› sparsaque 59, 318. 990, 151 114, 961. 391, 556
sordida 945, 618 418, 408 specta} ere 78, 98. 143, 998
sordidus 40, 99 . sparsas 150, 338 ’ ’ spectabilis 101,709. 168,

torol-20, 35'1. 85,966. 116, sparserat 931, 967. 393, 309 166. 908, 426. 215, 710
394. ’147,330. 169, 174. sparsi 193,590.195, 573. spectabunt 8.), 946. ⁰18,

178, 442. 214, 700. 267, 470, 790 78). 307, 668
349. 268, 38⁴, 368. 27258parsique206, 444 spectandique119,199
455. 974, 597. 996, 311- sparsis 194, 159. 990, 850. spectans ⁶2.ss 514. 136, 31.
mrorque23’8,463. 386,574 445, 911 ”.,1111 631. 223, 43. 9·
sorore180,526 sparsit 194, 159. 904, 415 855. 3,17 160. 310, 958Ἷ
sororem 179, 476. 180, 509. sparsitque 938, 457 spectans111032767
184, 633. 260, 149. 979, sparso 89, 194. spectant 937, 1:3- 256, 48.
466, 477. 974, 597 sparsos 81,169. 313, 57. ·.·Η ’1, ,κ
sorores 39, 643. ⁹35, 704. 61, 384, 532 ὅροι-1301063698. 136,⁶.’‘.'
559. 94, 505. 95,593.ορ011090110413,966 spectantem 410, 199

202

