546 INDEX

longa 109, 109. 185, 673. 358.116,3·20.119,412.1ιιο1ιιῳ]ο418,426
209, 520. ..91, 337 395, 126, 586. 142, 191. 160, luctum‘ 390, 689

790 670.16<2, 28. et alibi luctus 32, 655. 38, 668.
1ongaque 163, 37. 357, 486 lequel-37, 771. 45, 142. 61, 54,384. 80,139. 122,
longave346, 158 571.115, 279. 126, 593. 48’4 156, 549. 207, 480.
longae 29, 561. 65, 672. ¹210, 549. 265, 291. 409, 238, 450. 239, 485. 260,

916, 672. fflo, 656 172 155. εἰαῐίὺὶ
longaeque 185, 675 loquuntur 212, 615. 349, luctusve 375, 282
longas 241, 544 241 lucum 76, 35. 82,176. 434, ,
10οςιὲ 128, 623. 129, 649. lora 45, 115. 47, 200. 52, 836

650133, 777. et 0Ιὶὁὲ 315 1ucus318‚ 190. 396, 845
longeque 116, 325. 329, 479. loncaeque 77, 63 ludere 8⁵2, 639. 72, 845. ,.

369,7781011s41, 127. 289,1117 396, 834
longi 134, 787. 138, 611. lorisque 458, 591 · ludit 49,246. 150, 392.

201, 358. 249, 760. 501, lotique 133, '760 217, 775. 227,163

491. 379, 013’ 480,715’101is 267, 34⁷ ludos' 24, 446
longique 17, ⁶273. 313, 36 loton 268, 565 ludunt 1',01 685
longior 309, 734 lotos 267, 341. 288, 96 luebat99, 625
longis 77, 48. 89, 196. lubrica 126, 599 luet 247, 689

101, 692, 706. 122, 476. luce 26, 494. 3⁶2, 650. 71, lugeat 289, 135 .

211, 587'. 965,275. 395, 807. ',110 169. 119, 401. 1οδ gebat 32⁹1, 278 '

813. 417, 392. 452, 377. 178, 272. 192, 85. 319, lug g'ebePe 290,141

469, '771 24. 368,100.⁷‘,386 592. lugebisque 990, 142
longisque 125, 567 430, 775. 450, 834. 459, lugebitis 239, 487
longissxma 285, 35 531 lue gendae 181, 570

longius 51, 292’ 67, 718. 78, lucem 80,149. 119, 400.1u{ent176402. 241,585
89. 79,120. ⁹113,930. 281776.444,186.445,10,«.νεηιι180532

’ 151, 414. 158, 631. 235, 221. 463, 651 10 ςεηῐίε2ῡέ390
349. 252, 861. 329, 467. lucemque 5'4, 383. 62, 594. lug et 30, 585. 181, 570
336, '703 441, 111 119, 414 lug gubre179, 485
longo 4‚14. 17, 277. 42,lueeu't 15, 239 lugubriaque 335, 669
3312 75 37 89, 354 99, lucente 40, 24 lugubrisq53,334. 130, 691.
445. 1⁹42, 203 162, 90⁹ luces 114, 262 293, 225 ,
174‚340. 198, 251. ’,199 luci 144, 190 lumbi’s 950, 804
280. et alibi lucida 3⁵3, 669 lumen 35, 720. 46, 181.
longoque 94, 450, 106, 30, lucidim 395, 795 50, 261. 53, 231. 73, 85⁷.
164, 75. 2219, 83⁶2 448, lucidus54‚ 3²65 111, 159. 1⁹80, 515. 295, ·
306' Lucifer 67, 723. bis. 128, 293. 3:,36 680. 385, 564.
iong os 53,358. 117, 365. 629. 199’‚665 315, 98. 397, 851. 409, 175. 473,
318,182. 326, 396 302, 570. 444, 189. ⁷470, 817
long um 54, 3743 113, Q 6781? lumenque 394, 772 ,
138, 65. 164, 64. 195, luciscm 221, 2. 321, 271. lumina 4, 10. 10,135. 34,
176. 213, 661. 230, 240. 3⁶34, 346 683. 35, 714, 7,16 720.
955, 63 303, 638 310 5, lucina 280, 697. 302, 507, 37, 767. 40, 23. 43, 110.
et αὶὶὺὶ 510 45, 149. 55, 388. 88, 335.
longumque 228, 183 Lucinam 146, 301. 266, 91, 420. 94’, 503. et alibi
long11537‚ 773. 380, 407 291 plur.
100g113que16,255 ltrcis4,17.111, 258. 215, lumine 39, 4 57, 470. 70,
loqua01605-10 706. 242, 564. 410, 197 787. 88, 337. 92, 439.
loquar66 ⁷696 181, 454 luco13,189.150,391 955, 97. 301, 473. 329, ἡ
loquarque 297, 343 lucoque 19-2, 95. 324, 360 468. 435, 847
10quatur32, 618 lucos 18,- ²301. 4⁶2, 76. 145, luminibus 1⁹44, 248 ·
loquem 4190, 368. 160, 678. 265. 248, 742 luminis 36, ¹740. 69, 752.
275‚558. 316,159 lucosque 41⁷9, 447 95, 517. 133, 775.
’0111εὲ834 282, ..35³ ἕξεί 1358381261'85256 333,- ³⁸⁵ ⁵⁶4· ¹³3⁸⁹³
>
12 luctantia 171, 242. 352, 331 luna 47, 208. 53,344. 195,
loq nentem 36, 751, 152, luctantiaque 117, 358 181, 193. 196,207.. 198,
453. 385, 558 luctata189,10 268. 209, 531. 300, 449:
loquentes 146, ⁶296 ’ luctataque'41& 300 449. 312. 473, 848
loquenti 100674.113.99.1.1οοῑειῐειεψε 429, 701 lunae 44, 117.1'08,99.112,
372 220 luclamr148‚354. 357, 483 202. 116, 333. 301, 479
loq uenti-⁵³87, 995. 301, 489. lucmms 51, 384. 110, 160. 350, 264. 416, 367
351, 294 587, 6 1. 418, 431 . lunam 283, ’782
loquerentur 346, 163 luctisoz ιο 0¹6, 732⁹ lunares 470, 790
loqueretur 316, 162 luctor 186, 694 lunaria 57, 453

loq ιιι 15, 233. 36, 745. 58, luctu 53, 229. 125, 564. lunaribus 295, 296 β
483. 6565& 72829. 89, 383,549 lupi 180, 528198, 971.

