562

obvertere 100, 676

obvertit 329, 475. 361, 605

obvia 102, 497. 418, 419.
467, 730. 469, 764

obviaque ⁰8, 528

obvius 42, 75. 193, 111. 316,

obumbrat 396, 845. 434, 837

obuncis 180, 516

obusta 351, 299 ’

occallescere 413, 282

occasus 47,19Ο. 128, 626.
152, 445

occidat189,94. 190, 43

occiderat 162, 10. 430, 742.
433, 805

occidit 15, 240. 140,144.
172, 7ῶῖ 206, 440. 285,
10. 306, 6‘26· 536, 684

088111088415, 227

occiduo 7,63

occubuisse 458, 499

occubuit 356, 458

occulta 361, 596

occultat 66, 686

occult& 302, 519

occulto 71, 806

occuluere 88, 315

occuluit 31, 600. 202, 360.
43, 817

occuluitque 50, 255

occumbere348, 207

occupat 18, 293. 335 667.
35721. 45, 150. 76,40.
¹77. 49. 124,528.126,585.
131, 716. 158, 632167,
147. 212, 635. 330, 528.
345, 135. 352, 343. 410,
198. 431, 502. 431, 757.
418166

occupet 374, 272

ovem-reusque 227, 164

000011817510 ’

occurrunt 207, 476

occursu 412, 256. 458, 523

Oceani 198, 267

Oceano 276, 593. 437, 12,

Oceanum 400, 951

Oceanumque 59, 510

Oceanus 273, 498

octavo 88, 327

octonis 137, 50. 393, 753

oculi 76, 33. 183, 62 8. 214,
685. 2:32, 284. 329, 467.
349, 252. 431, 754

oculis 35, 725. ⁹:37, 772. 40,
32. 41, 46. 46, 181. 51,
284. 68,-'748 97, 577. 98,
595. 161,710.108,12·.
138, 71, 92³. 154, 505. ¹17,
776. 235, 356. 239, 466.
242, 573. 269, 390. 272,
475. 342, 32. 366, 70. 385,
562. 418, 417. 439, 64

oculisque 8.5,243. 183, 621

0011101οω34, 686. 143, 233.

INDEX

oeulos 26, 499. 32, 629. 35‚offer132,644

714. 43‚93. 47,188. 57
488. 58, 502. 69, 770. 71,

803. 93410.110,145.
11-, ⁶¹ 1⁰7.168,169.188,
606. 191, 72. 194, 1 55-

193, 256. 202, 366. 204,
412. 912, 635. ⁶²40, 507.
247, 696. 286, 57. 997,
350. 308, 696. 3,*28 461.
334, 619. 350, 269. 355,
429. 36¹), 125. 410, ..'0‘2.
416, 359. 430, 734

oeulosq116201„·›·41. 303. 519.
345,136. 355,435

Ocvio'e'n64‚ 6:38⁹

ocyor 27, 502. 28, 541. 98,
616. 2⁹17, 781

ocyus 16, 249. 348, 226

oderat 70, 782. 338, 764

odere 225, 116. 423, 562

oderit 21, 491

odiique 122, 469 .

odiis 121, 44⁷8

odio 56, 438. 296, 315

odioque 439, 61

odi 1118 296, 314

odissem 211, 583

odit 54, 383. 63, 613, 614,
616. ¹255, 22. 272, 465.
316,1“ἶ.’8

Oclites 139, 97. 356‚458

0611111185, 259. 143218. 144,
245. 199, 297. 359, 544.
393, 756. 405, 71. 481,

odiumque 259, 135. 265, 274.

450, 328
odc· rant 467, 734

. odorato 113, 250
· 0:¹loic 197, 236. 425, 605

odores 63. 626

odoribus 133, 759
odorifera: 112, 209

odoro 257,87

Odrysius 179, 490. 385, 554
Oeagrius48, 219

Oebalide 292, 196

Oebalio 379, 396

Oechalia 259,1.‘36
Oechalidum 267,131

OEcli 356, 450

(Ecl des 3234, 317

OEnea 231, 2'73

OEneos 232, 281

OEnidae 237, 414

OEnop iam 1207,472,4⁷3
OEnop pis 208, 490

OEtap as 264,z’11-9

OEten 260, 165. 262, 204
offensa 152, 453. 1‚62 24·

officiique 51, 286

officiis 266, 308

officio 171, 250· 177, 422.
374, :37:3- 3⁷5, 277

officioque 36, 744. 58,480.

258, 109

officium 201, 33⁰7. 226, 181-
239, 489. 298, 418. 342,
33. 314, 92. 378, 367

officiumque54, 385

oleis 165, 101

Olenos 5:⁹87, 89

olentes 309, 729

0180113150, 405

Oliaros 207, 469

olim 57, 466. 107, 65. 199„
292. 204, 406. ’244‚ 624.
330‚508. 346,171. 418,
429. 454, ‘434

olivae 164, 81. 198, 27⁷. 207,
470. 208, 498. 232,··29⁵

olivi291, 176 ·

olivis 199, 281

· olor 202, 372. 203, 379

olorinis 166, 109. 309, 718

olymp i 41, 60. 179, 48⁷.
273, p498. 393, 761

Olympo 14, 212. 332, 571

()lvmpum11,154

Ol'y9mpus- 48, ’·225. 176,393.
1 6 225

omen 62, 592. 156, 550. 212,
621. 2845. 2952785110,
4523482115

omina 282, 766. 470, ⁷91

omine 178, 448. 2⁹83, 784.
357, 719

omini'bus 276, 594

omne 10, 129. 40, 40. 50,
260. 76, 33. 82, 1⁷9. 129,
661. et alibi

omnemque 287, 79. 411, 214

onxnes14‚199.16‚242.
342. 23, 432. 32, 653. 82,
182. et a'libi p.lur

ἓᾞὲἵέΐ“3ἰῗ5ίὲῗὲὲιῗ4ΐ’76ἒῖι.

99, 6'3 117, 356. '118, y·

367. et alibi
omnia4,5. 7,6.9 2102
25, 463. 36, 753. 40, 32.
etaliln' quam p.lur '
omnibus 16, 247. 20, 341.
27, 524. 39, 13. 6¹4, 650-
67, 724. etaz’ibi p.lur
omniferos 51, 2⁹75?
omnipotens 1⁹1, 154. 52, 304.
55, 401. 58, 505. 88, 336.
26’5, 271. 433, 816 ⁴
onerata 288, 101. 318, 180

293, 228. ⁷403, 27. 404‚4z onerataque ’79‚ 109

offens saq ne 216, 750
offensamque 50, 519
offensane 458, 5'03
offensi 300, 45'2
offensus 2921,244
offer 434, 84'2

x

oneratos 250, 781
oneratur 199, 281.
onere46‚ 165

onen' 64,'634.292‚19I5
onerique 453, 403

oneris 196, 21’1. 5³8, 678

20..

