VOCABULORUM. 493

canoro 101‚¹704 603. 70, 789. 87, 307. carchesm 197 246, 247. 351,
canorum 39‚8 183, 610. 199, 296. 260, 318. 3)2, 326
canos 40, 30. 86, 275. 122,157.292,212. 319, 215. cardine 108, 93. 333, 608.
474. 162.26. 222,9 37), 2²⁴¹ 1. 381, 4:35. 387, 43², 78²
canosque ²98, :391 605. 4.· ’2, 774. 152, 381 care 64,619. 179, 496.
cantatas 192, 98 0391113168 168 268, 332. 306,705. 327,
cantato 416, '369 capiti 21, 372. 82,191. 4-10
cantibus 101, 703. 147, 331. 161, 79. 282, 7711. 289, careat 369, 139 ·
333, 597 111. 399, 929. 416, 368. carebat 46, 16⁴2. 215,
cantu 107, 49. 196, 201. 4‹5,1 610 7: 1 -
230, 268 312, 15 capitis 1. 179. 127, 618. carebis 304, 566
cantus 1:33, 761. 200, 330. 258, 99. 355, 431· can-ebunt307, 42²6
317,155 capitisque 250, 780 417,carendum430‚725
cantusque195,195 ⁶²77 carens 69, 762. 220, 851,

canum subst. 58, 491. 85, Capitolia 29, 561. 60, 538. 230, 228. 4-11, 130
248- 131, 7¹23. 158, 6²9· 461, 589. 472, 82²8. 473, carent 44⁶2,15834—16,242

312, 273 ’40-1, 63. 405, 66 811 cat-zeutem? 67. 267, 331
canum adj. 381, 4²²7 capiunt 178, 466 carentiam, 226. 459, 531
canunt 205, 483. 348, 215 capraeque 396, 832 catenent 96, 552
capacem 363, 231 Capleas466, 709 Caret 174, 354· 182, 574
capacj436‚ 5 capneisque 24, 142 ⁶253, 883. 330, 520
capacibus 81, 172. 210, 568 capta 303, 529 cauca 216 674
capacius8‚ 76 captabat 229, 198 carina 187, ’721- 239. 470.
Cap ancus 269, 404 ‘ captae 331, 532 271, ²146. 409, 169. 423,
capax 120, 439. 241, 533 captaeque 348, 225 552. 465, 694
cap666,694. 79‚11‹3. 149, captam 673, 226. 403, ⁴29 casissae 10‚134.18,⁶298.

366. 22193. 240,503 captare ⁶:56. :38 97, 593. 99, 639. 226,
capellae 18, 299. 91, 408. captas92,4<3⁶.² 14‘4. 330, 524. 33 2, 559.

97, 594. 390, 691. 399, captat 229.217. 256, 37 34⁶2,37. 371,18⁶2. 394,

927. 456.47⁶2 captatan11338,768 769.4‹›9,164.4⁴²‘.²,534
capellas 33, 676 captato 86,279 cuinam 98, 604. 331, 531.
caper 296, 327. 441, 114 captatur 219, 820 410, 185. 460, 719
capere 79, 115 captavit 86, 4² carinas 178, 444.- ⁶225, 104.
caperet 218, 80⁶2. 557, 506 (11111115 107, 62² 205,101 26135. 393,731. 405,

477, 653· εεψῑ1νει 382, 471 72. 41², 2²40
capessamus 325, 378 captfiva=·'.‹1=11‘385,560 carinis 325, 393. 375, 274.
Capetusque 426, 613 capdmrumque ²5, -517‘ 423, 560
Cap harea4⁶²0, 472 capt-ivis 3239, 667 emor 267, 405. 327, 424
Cap har-eus 4⁴21, 481 captivo 13,184. 371,251 caris 311, 88
cappiQfi, 540. 377, 339. 379, captivos; 99, 932 cauissjma 393, 747

374 capto 180, 518 carissime ⁶26,’486. 110,143.
capiam ⁴277, 616 captum 35, 709. 368, 99. 32²7, 4.. ’.1 337, 727
capiant 132, 751 417, 378 caritu’mque 408,132
ca iat 242, 558. 281, 748. captus 38, 678. 117, 344. carmen 5, 4. 139, 118. 147,

6, 295 178. 465. 226,124.238, 365.1’82,582.193,137.
capiatque99‚ 614 435. 274, 510. 317,170. 283, 793. 317, 154. 403,
εερξεὺιιηῑῑῑε), 626. 211, 607 393, 762 20. 404, 58. 419, 442ἶ
εαρ1εϋεῑ24, 519 capulo 208, 506. 315, 133 400, ‘326
σαρξεη63355, 445 capuloque ⁹357, 491 carmina 212518. 148, 340,
'cap16ntibu3252854 cap ,11 21, 382. 29, 561, 567. 345. 150, 387. 195⁹. 167.
capicutnu 96, 558 32, 62'5. 35, 718. 37, 205, -*1.)4, 432. 217, 759.

capillis 17, 266. 29, 564. 763. 41, 50. 50, 255. 266, 300, 301. 285, 16.
33, 672. 58, 476. 6-1·; 76, 37. 77, 68. 85, 245. 290, 1⁷49. 292, 205.
6:35. 111, 261. 1⁶23, 521- 94, 502. 162, 7⁶27. et alibi 296, 501. 311, 5.¹

152, 410. 154, 513. 170, qudm plur. · 313, 45. 317, 153. 346,
201. 184, 657. 187, 715. caputque 198, 27-.1 351‚400. 157. 401,14. 416, 357.
et alibi qu'amplm. 358, 516 , 418, 460

capillo 226, 151. 336, 691. Capys 4¹. ²6. 611 εειιΊιι1ιηιψιο 161, 2
350, 273 Capysque ··.1 ²6, 613 carmine 50, 2²52. 52, 326.

cap illos 25, 477. 28, 529. ca1a80, 131. 191, 61. 214, 148, 315. 196, 208’, 208.
39.12. ⁴30, 30. 52, 319. 692. ²68,368. 407.11·2 198, 253 238,·165. 286,

54. 373. 55, 413. 81, carm 113, 222 45. 290, 147. 300, 453.
169. 94. 506. 122, 474. carasque ⁷305. 612 311, 1. 317.163. 323,
124546. 130. 673. etalibi caras 115, 297 317. 400. 952. 46120.
φράτηρ har. · carbasa 171, 233. 313, 48. 401. Sl· 416, 366, 369
capgoque 218, 780 329, 477. ’422 533 canuinibus194J148
6311131113 289, 125 carcerewr, 652. 448, 301 carne 7346, 156. 440, 83

oepit 20, 343. 36,738. 62, carceris 121,453 ¹ carnes 69. 769. 410, 208

