VOCABULORUM. 559

amnon .,146 313 11611335, 662 nomas 14, 211. 25, 462. 55,
nix 6,50 11011111272,474 ’ 390. et «hibi

nixique 228,182 nolis 447, 281 nostrasque 266, 323
nixusque 266, 294 - nolit 59, ’518 nostrl 91, 37⁰· 85, 267. 90,
nixus 32, «66. 248, 727 nolle 13'0, 686 286, 39 391, 392. 143, 228. et alien·

nobilis 177, 416. 21ἶ1, 543 nollem 306, 632- 397, 863 nostrique 383, 500. 393, 762
nobilitas 190, 44. 369, 147 nollet 24, 4’39. 383, 4'86 nostnis 39, 655'. 37, 772. 40,

nobilitate 279, 671. 364, 22 noluit 365, 40. 445, 210 39. 45,146.et alibi
nobilium 12 2. 66, 690 nomm 12, 169. 14, 201. 25, nostrisque 98, 613
nobis 21, 22, 391. 23, 474. 35, 712. 65, 678. 85, nostro 40, 90. 58, 475. 6⁶2
522. et alibiplur. 216. 86, 280. 97,582. 110, 5›0. 953, 407. et, alibi
nobiscum 146, 309 145. 115, 291. 118, 384. nostros 95, 457. 33, 663. 174,
noceat 955, 21'. 369,136 119, 415. εἱ alibiplnr. 35⁶2. 219, 819. οἳ alibi
110οεῦ611197, 567. 1’85, 262 nomenque 32, 648. 53, 338. nostrum 54,369.109,728.
nocebit 22, 397 68, 741. 94, 512 159,651.109,112.225,110.-ε’1αιὶὸὶ.
11000ηά1152, 457. 204, 417 919, 827. 980, 707. 339, nostrumque 377, 331. 440,
nocendo 59, 519 795. 356, 461. 459, 521 108
nocens 10. 141. 71, 800. 109, 473, ’837- 475, 876 nota 91, 370. 57, 473 61,
110. 209, 526. 287, 69. 110011ιῖ11 17, 199. 105, 17. 570. 84, 939. 88, 323. 116,
417,403. 155, 524. 165, 89. 191, 304. 464, 660
nocent 153, 484. 210, 551. 69. 213,651. 222, 21’notabilis1›'‚169
450, 334. 456, 477 238, 464. 940, 508. 941, notae 109, 117. 185, 670. 419,
nocenti 404, 56 540. 297, 346. 301, 468. 443
nocentius 10,141 310, 739. 327, 42 9. 365, notan136, 761. 919, 619. 312.
nocere 169,195 33. 417, 396. 426, 612, 9. 422, 595
nocet 163, 88. 272,477. 282, 616. 449, 154,- notamque153, 468
758. 44'1,131 nominat 11Ο,144. 332,567. notare 976, 589
nocituraque 315, 101. 316, 334, 641. 390, 699 > 1101113182, 577. 211, 600. 227,
148 nomine 19, 317. 99,410. 169. 328,466
nocte 15224. 53,343. 108, 24,447. 13, 98. 81, 156. notast1274 537
84. 109, 111. 114, 960. ,282, ω88. 193,5⁶23. 143, notat 974, 5235103597
119, 415. 191, 45⁶2. 138, 91'2.1’,49 386. 150, 4ο2’ notata 33⁹7, 714
71. 189, 589, 590. 188, εἰ alibi plur. notatam 964, 261.
2. 200, 335. 216, 714. 332, nominibus 468, 756 notatas 230, 244

571. 331, 645. 342, 16. nominis 171, 239. 220, 869 notatum 107, 67
374, 953. 378, 348. 450, 361, 613. 379, 398. 471, notavi92, 459. 98, 595. 282,

333, 334 819 777. 356, 461. 433, 813.
noctem 15, 919. 108, 79. non 4, 9. 5, 34. 9, 97, 98. 471, 814
119, 840. 329, 480. 346, et aiiln'qndmplur. notavit 68,740. 116, 329.
159. 392, 729. 417, 404. ndha197‚2>54 163, 46
420, 471 Nonacuil'xas 34, 690 notis 57, 452. 435, 849
110οῑεέ 195, 179. 265, 999. nonaquelw, 9’13 5 notissima 69, 591. 111, 189.
800, 434. 315, 96. 332, nondum 9, 94, 97.12,164.115,987.967,330
574. 418, 223. ’4-14, 186 13,194 et alibi palm nptitiam 107, 59
nocti 101, 695. 128, 627. nonne 149, 375. 276, 597. notitiamque 191, 57
377, 342. 444, 186 451, 36⁴2 Notum 17, 264
noctis' 31,6Ο2. 61,.564. 119, nono 57, 453 notum 173'‚ 321. 342, 64
401. 179, 473. 195, 185 n6rant8, 96 Notus17, 2⁹64
215, 711. 991, 175. 998, nbrat 106, 46. 222, 21 notus 144198. 66, 687. 210,
368. 301, 476. 3102, 25. Noricus 499, 712 576. 985, 26
322, 306. 331, 550. 386, 11011111 975, 550 nova 3, 1. 4, 11. 23,487.
592 nanis 395, 808 35, 709. 54, 377.1ο2.
ποῖαι-1110444196 116111375ζ291 732. 111,183. 125, 573.
nocturnos 108. 81. 470, 797 110 ·ca1· 409, 153 141,152.189,19. 193,
11000010277,612 noscere 458, 529 194. 903, 394. 244, 609.
nocui 943, 598 nosceso ⁶335, 659 , 253, 876. 258, 103. 262.
nocuisse& 559. 996, 311. noscit 409, 161 200. 269, 397. 277, 638.
nocuit 61, 572. 237, 407. nossem, 773. 222,24 984, 9. 289, 122. 296.
299,ι 398: 441,115 nbsset 31'. 606 310. 325,391. 338, 759.
nodis 122, 491. 230, 247 nostra 25,461. Q,7 519. 59, 348, 993. 357, 498. 384.
nodosa 219, 812 5< Ο. 99. 618. et alibi plur. 518. ‘3861 59⁴2. 398, 894.
nodosaque 186, ,691 nostram, 519 405, 82. 421, 499. 444,
- nodoso 352, 949 nostr‘ae 0, 356. 29, .3. 39. 37, 184
nodos 61, 560 774. 11522290..²381,-146. novabis 64,618
nodum 81, 170. 234, 319 443, 163. 444, 200. 455,11ονἑ1460,562
’ nodus 214, 683 439 novm 31678. 175, 381. 259,
' Νοὲπιοπεᾳυε 374,258 nostraque 146,279. 268,376, 141. 318,199. ⁹347,1⁹8

16101264, ‘257 377. 412, 959 novaeque 281, 726

