VOCABULdRUM. 555

7. 205, 424. 211, 585. movisse 283, 781 0101161001346. 146. 347, 187,
- 212, 6⁸29· 413, 264. 499, movit 13, 180. 59, 510. 65, 192

520 669. 1'01‚ 707. 114, 961. 111011 1111111611( 955,10
11101095,475. 132, 732 12’,475.123,507.150,1-ΰῖῑο5 96 544· 209 515·
motos35. 707. 12:⁹3. 509 401. e 5, 119. 2⁴4. 603. 411 214. 4(“9 757
motu 69. 753. 92, 461. 101, 93». 123. 961, 185. etmultum 47, 187. 277, 628

711. 168, 1.·58. 210, 579. 0ἰὶὺί 11111“.ιιπι,ιιάι·. 110,1.’5

212, 637. 236, 375. 244, movitque 109, '796 muudi3’, 3. 6, 57. 8, 79. 13,
606. 950, 780. ;·,,00 455111οκ 9,109. 15, 999. 99, 182.1’6, 958. 40, 35. 113,
314, 75. 430, 739. 443, 403 53, 5 6. e’tutibip lur. 998. 149, 372. 154, 507.

179 moane50, :381 169,189- 285,17. 342,
motum 187, 721. 230, 721 mucrone 15, 927. 110,169 40· et (1ἶίὓὶ
motuque 18, 284 mucronem 139, 116 mundo 4‚10..34 385.119,
' motumfi, 55. 71, 817 370, mugia136, 746 » 197. 11'46,954
165 · mugire190,906 , mundum 7, 60
moturaquezfie. 303 · mug1175, 851 0106110111(μῖ644, 116
inatus 118387.158,629.1ι11κ-·1116115 76. 91. 141, 165. mundns9, 114. 43, 95 319,
,264- 970,415.318,19:3,114 224. 4’16‚239
19Ξ’ , 11111ςί1036. 739 munera 53, 341. 118, 383.
motusque 179, 491 mugitus 3²2, 637. 211, 597. 174, 351. 216,’ 755. 2)5,
move 290,140. 403,21 418, 409. 458, 510 95, 111. 283, 790, 791.
moveant 102, 790. 174, mulcebant9‚ 18 994, 960. 319, 28. 315,
358 nuucebdt 931, 894 Ἴ 104. 316, 122, 135.. 319,
moveat 154, 516. 399,989 mulcebunt 2¹6. 301 913. 576,296. et abbi
movebant· 5¹ „¹5 379 mule udaque 289,118 munet-aque 216, 745
movebat 98, 531 mulcendas 156. ¹›61 munere «ετ, 411. 41, 55. 43,
movebatu· 989,1l5 mulcere 114, ²95. 415, 339 9²). 133, 765. 153, 475.
movebere 917, 763 mulces334, 695 199, 93. 914, 698. 237,
movebo 181, 547 mulce—‚tw 331. 91, 391. 66, 430. 940, 509⁹. 969, 390.
movens 94‚516 683193 117 983, 37. 987, 74. et alibi
movensque 168, 167 Μυ. (··11)11· 39, .3. 961, 963. muneribus 916, 755
movent 163, 60. 269, 404. 270, 499. 499, ,333 munenbusque ⁷05, 498 231,
389, ,470 mu11a54,689. 108, 84.168, 266
moventem 149,197.986.159.197,998,9'.›9·.209,1uune1·is 43, 88. 159, 657.
40. 313. 40. 351, 320. 534. 9⁴¹8, 176. 242, 555.194,157.200,310. 214,
442148 308, 693. 414, 309. 418, 691. 217, 762, 777. 937,
moventnr317, 175 333. 2493, 559. 499, 695. 430. 238, 436- 307, 673.
moveo 196, 905. 379, 901 437, 315, 101. 316, 195. 389,
moveoque 93,-161 multa 77, 7ο. 108,109. 937, 670. 408, 195
moverat 130, 674. 147, 339. 4.’ ). 4⁹9 9, 514 munimine 153, 773. 372,212 ,

299, 197. 911, 612. 918, multaque 114, 931. 169, 196. munire 399, 487
725. 28ἱ, 781. 399,471. 299, 496. 398, 448. 549, munitos 465, 690

386. 573 38. 347, 183. 419, 243. munus 31, 616, 690. 40,
movere 70, 778. 175, 360, 411, 308 41. 86, 288. 199, 35.
365. 180, 535. 190, 98. 111ηέ111989 353. 987, 89. 354, 143, 995. 148, 343. 95,
971, 4:38. 303, 5423. 412, 404. 3115, 891. 892 175. 198, 276· 199. 296·
258. 440,99 mnitaeque 38, 81 205, 436. 216, 759. 238,
- moverent 355,439 multam 949. 776 - 436
moveres 139, 119 multarum 119, 208 munusque 989, 131
moveret 411,9>.18 multam 995, 985. 396, 892. murice 19, 339. 169‚9. 242,
movet! 71, 891. 79,106. 497.659 563. 317,166

“ 125. 552. 137, 43. 173, rnu- ti 25, 478. 86, 981. 89, muris 107, 58. 208, 490.
¹ 307. 267, 345. 991451.353.100,655.210,57ο. 922‚14.391,977
317, 177. 325, 391. 5²86, 917, 769. 393, 735. 419, murmur 157, 597. 913,
577. 401), 96. 469,763 455. bis. 463, 649. 94¹, 61:›.937,4.'‘31.270,490.

'movvris 397,8‹›9 561 ν 868,1‘24. 413, 281. 438,
moves 937‚76 366, 48 multip licique 997, 158 35

movet 59, 308. 156, 548. multis 89, 361. 99, 443, murmura 14. 906. 70, 788.
173.503. 999, 916. 951, 106, 43. 173, 300. 223, 308, 702. 323, 330, 3'42
8⁴25. 267, 327. 268, 352. 57. 393, 320. 414, 310. murmurat 313, 53

308, 547. 306, 615. 331, qn), 705. 450, 343 murmure 57, 4,.53. 107, 70.
544- 358, 5⁷20. 362‚621.mu1113qne414,:3‘15 108, 83. 157, 587. ',17o
442. 143. 467, 738. 470, multo, adj. 11, 157. 141, 155. 203. 174, 327, 398. 198,
780 937‚1101. 956, 57. 312, 251. 249', 552. 256, 40.

movetur 1634& 328444. 33. 353, 389 333, 603. 378, 350. 385,
450,344 mults), adn. 169, 196 567. 423, 533

movi1.›9,634. 256,OE multoque 330, 513. 461, muro 313194
moninus 143,219 588 muros 144, 236.1'77, 4⁴23.

