VOCABULORUM.

·V U validis 263, 223
validisne 185, 678
vamur 50, 256. 334, 643· vando 151,422. 193, 123.
vacantem 56, 422. 277, 611 416, 352
ηοω-1111128643 valido'q ue 77,64. 189, 9.

vacat 182, 585. 352, 345
vacavit 298, 387 validosq ue 200, 316
vacca ,,31 621 bis. 132, 755. validum 198, 262. 358, 511
147, 330 valle 141,164. 185, 662.
vacqae 31, 612. 281, 730, 198, 264 ·
738. 34⁹6, 151 “ vallem 447. 266
vaccam 66, 694. 281,730 valles 6, 43. 50, 256. 286,
vacent 456, 478 52. 3⁹:30, 504. 418, 425
vacet 69, 764 valhbus 69, 761. 174,3—14.
vacuae 434,8:31 219, 815. 278, 663. 396,

209, (¹538

vacuam 274. 521 8 ,31
vacuaque88, 319 va¹¹1381,155. 234,334. 457,
vacuas 106, 41. 176, 398. 488

181, 541. 200, 3:34. 342, vallum 232, 286
56. 356, 469. 445, 220 valvas 111,185
vacuis 117, 341. 251, 820 valnere 13²4, 543· 367, 89.
vacuum 110,148. 329,471 379, 393
vacuns97‚ 582. 289, 117 valvis 12, 172. 133, 762
vada 76, 19 valuissent369,12²8
vade 129, 649. 316, 137 valuit344,101. 108, 114.
vadit 101, 702. 385, 551 376, 311
vadorum 258, 108 . vana 235, 346. 251, 825-
,vaga 18, 308. 229, 197. 231, 259, 121. 266, 303. 282,
267. 372, 221 — 754. 333, 614. 366, 49.
vagae 343, 595 408 1:38. 412,151. 458,
vagans 443, 178 518
vag-antem 90, 370. 148, 363 vanam 416, 361
vagantes 80, 1—16 vanaque 342, 60
vagantur 212, 611. 416, 370 vani 248, 721
vagas 415, 340 vanis 279, 681
vagata 301, 477 vano 219, 829. 261, 248
vagatur 284, 9. 303, 535 vanum62, 597. 96, 559

vani 65, 673’ vapor 23, 432. 51, 283. 432,
vagina 181, 551. 301, 475 793

va ,13335 667 vaporibus 81, 152. 192,
vagitque 302, 513 105,

vagitus 156, 466 πρῶ-3334630

vagos 195, ’184 vam 353, 382

vagus 326, 408. 428, 680 varas 256, 33 ’

vale 51, 363. 94, '501 vis. variabant356‚ 465
108, 79. 180, 509. 268, variare 55, 412
382. 286, 62. 298, 380. variari 1‘ 6 578
3368, 460. 380, 4⁶20. 400, variarum 80,143.103, 10.
valeque 247, 717 varias 333, 613
valeant 193, 137. 375, 286. variasque 413, 267
449, 318 .- variat 237, 414. 416, 255
va¹eat' 120, 429 variatus 359, 559
valens 83’, 211. 258, 108. variis 153, 461 ’
264,2.39.415‚207,’225 vario 47,1'93. 106,39. 270,
valent 95, 533 418. 298, 375
valeme 141,174 , varios 17, 270. 127, 619.
valentior 57, 72 260,152. 289,123. 290,
valentius 329, 481 146
valeo 364,12’ varius 166,114
valerem 271, 488 variusque 1279, 690
valet 41, 60. 4⁷, 192. 206, vasta 59,520.148,3-16.

⁷ 1157. 223, 59. 364, 12. 303, 551. 324, 366. 410,
νιξξῳῗωιι, 114 νειὲὲΐηιωφιε 47,194
valida 237, 404 vasti 41, 60

validi 173, 310. 261, 186
ι· ,undique 442, 149

vastior 3349, 236
vastius 331. 530

609

vasto 78, 89. 129, 647. 471,

vastum 349, 236. 419, 438

vute :31 1, 68. 377, 535

vatemque 312, 27

vates 89, 348. 217, 766.
270, 407. ⁸285, 12. 290,
143. 311, 2. 320, 249..
376, 320. 393, 738. 408,
129. 455, 435

vatibus 447, 262

vaticinata 168, 159

vaticinatus 104, 9

vaticinor 249, 773

vatis 95, 527. 312, 8. 313,

vaKtum 394, 774. 442, 155.
475, 879

, uber 396, 826

ubera 116,
298, 392

uberaque 174, 342

ubere 441, 117’

324. 268, 358.

uberibus 76, 31

uberius 258,105

’11015,32. 18, 294,307. 19,

318. et alibiquom plur.

ubicfflnque 216, 7 36

ubique 14, 214. 119, 418

udaq 335, 655

ud.1›que 23, 418. 98, 599-

vecordia 3’18, 227

vecous 146, 291

v'ectu 159, '64-1. 309, 717

νεεῐυῦαιιῖυτ 236, :374

vecte :356, 453

vecti 95, 538

vectus 19‚319. 148, 360.
159, 649. 318, 194

vehebat 423, 561

ve11139, 13

vehit 18, 304, 305. 50, 251.
409,164

vel 26, 494 bis. 28, 546.
45, 145. 60, 544 bis. et
«libi plur.

vela 10, 1:32. 99, 639. 100,
669. 213, 664. 228, 175.
206, 593. 329, 4⁷0, 471,
487. 330, 519. 3721, 22²4.
380, 401. 419, 437. 443,

velaque 100, 663

velamenta 3⁹21, 279

velamina 57,4'60.108,101.
109,115.117,345.157,
594. 181, 566. 2110,558.
259, 1:32. 333, 589. 441,

velamine 82, 192. 304, 578.
3:33. 611

velant 245,657. 308,699

velantque 22, 398

velantibus 106, 45

velare. 318.181. 342,479

velat 82, 197

velata 2¹0⁷.468

,elatum Ιοὲζ, 667

