554 - INDEX

monstro 54,367. 319, 911 morantur 72, 846 Morpheus 335, 671
monstrum 144, 258. 225, morari 355, 446 mors93, 471. 911, 603. 239,
100. 304, 553 moras 57, 461. 178, 467. 483. 2671, 781. 298, 377,
monstrumne 399, 912 242, 548. 265, 789. 322, 378: 304, 572. 336, 699.
montana 18, 310 307. 328, 461. 385, 556 352, 325. 359, 556. 382,
montanaque 9, 104 momsque 395, 808 464. 437, 99
moutam 950, 786 morata 951, 810. 307, 661 morsa 441, 1⁹14
montams 316, 147 m0m11885‚32 morsibus 28, 538- 385, 568
montano 72, 841 moratos 369, 195. 407, 106 morsu 77, 48. 109, 113. 1953,
montanum 174, :331 moratum 344, 97 877. 2’69, 384. 395, 8⁷3. ⁴
mou1e24‚440. 79,843.89,1110181111· 199, 303. 224, 71. 399, 996
363. 91, 400, 408. 101, 414, 319 morsus 131, 7¹24. 218, 791
708. 199, 659. 141, 954. moratus 113, 930. 337, 719. morsusque 313, 58
149, 364. 167, 1⁰ 1·ss 24¹2, 352, 322 mortale 13,1’88.17,960.
555. .56, 56. 317, 157.11101·1)ἰ9 909, 537. 210, 565, 21, 365. 41, 56. 87⁵, 308.
350, 311. 398, 882. 410, 211, 601 98, 610. 1³84, 540. 209,
181. 42³6, 621 mo ’11ιέ 3¹77, 3022 525. 285,18. 334,6401
montes 6,14.11,153.50,11.οτ10 209, 544. 253, 876 485, 603. 434, 824. 442,
ss61.11;5, 2.>‘.-¹.165,81.³ morboq 119'366‚ 52 139 ³ ⁷
196, 205. 33,ss ,(55. 35*,nxo1‹1‹ 11r.“',1 806 mortalem 62, 579. 318, 203
507 :394 785. 121 8, 674 mmo :36 745. 53, 345. 67, mortales8, 96. ’169 51. 965,
montesque 195, 197 711. 143, 518. 131, 799. 968. 439, 75

monti4 6, 621 110 122 203, 387. 211, morta·i 198⁹, 976. 244, 696.
montibus 8, 95. 34, 68.9 (06. 21,ss 799. A93‚ 218. 255, 16. 469, ¹760
47, 916. 58, 494. 66, 70& 341,11. 357‚494. eta'ibimorta'lia 64, 643. 78,105.

bi} 91, 40'2. 170, 394.111‹›.e1115‘34› 112, 901 179, 479. 199,

963, 210. 359, 353. 351,11101·>·ῑ,εκ)..)59.0 420, 473 87. 903, 392. 366,Ὕο. 400,

416. 395, 836. 404, 33. monem& ί260, 147 950. 430, 729

415, 326. 447, 265. 448,mo'1·es 213, 655. 915, 717, morta hbns 156, 550

285 216, 740. 422, 524. 472, mn* tali.- 15, 123. 4-1,56.*64‚
monticolaeffl, 193 834 649. 115,.322. 399‚920
montis 19, 320. 97, 519. molesque 133, 768. 914, morte 15,⁰2⁶A4. 33, 661. 93,

33, 666. 84,934. 173, 701 471.110,.145,152.‘124,
311. 247, 692. 250, 797. 11101164, 651. 71, 812. 137, 545. 211, 605. 239, 483.
291,17¹2. 316,138. 317, 43. ‘A A‚0 867. ¹266, 303. ι276, 578. 332, 583. 339,
172. 330, 503. 352, 337. 239, 132. ι299, 428. 441, 782. 367, 74. 384, 521.

595, 810 399, 909. 458, 112' 410,137. 441,119. 446,
509 monbunda 172, 291. 990, 236. 461, 602

monuere 457, 491 856 mortem 456, 470

monuit880, 700. 309, 708 moribundo 138, 84. 345, montemque 411, 215

monumenta 19,159.110, 118 mortes 331, 538 >
161. 195, 550. 143, 227. moribundum 309, 716 mort153340.136,29425,
309, '725 moriemur 63, 609. 93, 473. 600

monumentis 384, 5‘24 259, 1:31 mortis 64, 653. 77,

Mopso 356, 456 moriens 109,120. 138,71.138,73.149,191.’(181

Mopsopios 177, 423 140, 127. 146, 293. 172, 554. 220, 860. 939, 493.

Mopsopium 160, 661 979. 181, 560. 249, 773. 998, 380, 390 299, 418.

Mopsum 356, 456 986, 60. 992, 194. 418, 309, 796. 339, ’782 343,

Mop sos 358, '528 450 80. 386, 598. 408, 125,

mora ,smct1’13‚ 9, 105. 109, monensque 97, 590, 355, 126. 442, 153 >
127' 4¹28 mortisque 211, 604. We*

mora,cunctatio, 12, 167. 14, moliente 170, 228 933. 298, 384. 301, 482
214. 91, 369.- 33, 671. monentem 989,131 moxtua 273, 503, 301, 846
35,717.459143.77,46,111ο1·ἰει1183355’,493 morus 108, '90 ,
51. 84, 295. 96, 563. 117, morientia 269, 391 mota 21, 381. 22, 395. 37„
344. 1⁹22, 481. 148, 907. morientibus 139, 117 766. 62, 579. 77, 69 95,
153, 463. et althvplur- mon'entis309, 719 536.14'2,186.154,498.

⁷ mora 99, 409. 101, 693. morientum 13¹8, 88 158, 691.- 183, 697. 195,

222, 91. 398, 890. 451, moriere A10 503 169. 915, 716.'etazi1›i
362 moriorque 4⁷50, 721 motae 122, 499. 977,640

moraqu8223, 69. 308, 678 0101111411, 915 motaeque ⁹78, 102 258, 95

mombar 968, 361 mon's 184, 648 motaque 999, 909

morae 57, 468. 335, 651 morisque 97, 581 1110131110εῶ5, 6¹74

moram 79, 888. 117, 350. moritura 976, 606 10011353, 600. 336,679
190, 48. 282, 766. 307, moriturus 209, 544 motibus '284‚ ’7. 337, ⁷89. ι
659, 669 v moror 953, 879. 384, 517, 358, 591

morando 93, 491 531. 400, 938 motis'45,158. 60, 547.

<morantia 917, 778 Morphea 334, 635. 335, 647 67, 719.199, 667 13⁵,

