484 INDEX
Audi-mmmm& 589, 661 auim'is ’1, ΞΗ. 143 ι, 198. 318,191.· 372,209. 873,

Auctor 341, 348 11 ,17;’› -156, 459 227

angelini-2³57, 73 «111110ιὴ1111υὸἱόμῖδῦ a·inn0nun 379, 371. 385, 550

angi413, 218 aninm- {e 12,1.58 annos 11,1’.48 107, 48·-

any. it 386, 578 animata -21 4 566 1“. ’6, 216. 199, 293, 295.

ειιςι18124,483. 297,:349·ini1naxit1 7, 619 400, 318. 206, 449. 216,

angueinl 3, 511. 1-4 6, 514. animi ,’,0 6ἷ5) 43, 87. 96, 7 37. 4. 18, 459. 247, 708.
253, 881. 236. 65 ,70 559. 144, 185,195. 158, 469, 399. 270, 414, 420.

anguemque 428, 182 626. 18-,’1 652. 211, 582. ’4,,71 4 4.9 28⁹5, 24, 36.
angues 121, 451. 123, 495. 230, 246. 439, 469. 276, Ἀι, 21. 34-7, 188. 374,
127, 619. 134, 792, 808. 587. 287, 75. 322, ‘AS->3 266. 108, 139. 414, 324:

159, 6421962ἐό 331, 624. 365, 39. 581, 4¹. ’,8 683. 453, 401. 454,
anguesqucesslz', 21 434 423. 473, 838
anguibus 88, 330 animique 201, 347. 331, annosque 906, 418
{uggghqggffislfglffio‘ss unffi-‘is 36, 750. 40, 39. 210, 6333ξὲἢῇ ,72897
Aug-uigenae 95, 531 566. 2¹13, 583 annosam 353 357
anguipedum 12'3,184 animisque 213, 658. 464, annosq 248, 743
anguis 76, 32. 126, 585. 677 annua ’293, 219. 300, ‘481-

248, 734. 313, 56. 467, animo 12, 166. 30, 587. 42, 309, 74 7. 414, 308

742⁷ 77. 4’7, 188. 84, 231. annuat 195, 178
angulus 165 87, 98 398,884 115, 261. 180, 51-11. 190, annuerant 59, 531
angusta 465,706 41. 212, 633. 444, 617. annuerat 348, 206. 387, 600
angustis 151,410 272, 467. 274, 539. 484, annnnnusque 145, 284
angustum 318, 195. 380, 777. 297, 554. 316, 118. annuit 29, 557. 124, 539.

407 322, 285. 336, 694. 353, 242, 559. 250, 780. 361,
anhelanti ,4ιὸ 59 373. 361, 597. 378, 366. 597. 425, 593. 464, 683
anhelis 128, 6:33 483, 813. 436, 5. 439, 65 annum 9,118. 89, 351.
anhelitus 108, 72. 158, 617. animoque 35, 7-45. 109, 129. 113, 226. 156, 565. -267,

210, 555. 307‚663 265, 779. 405, 78. 418, 338. 287, 78. 343, 76.
anhe10324,347 417. 471, 815 389, 666. 418,¹ 3:35. 4⁴14,
anhelos 454, 418 aniinomm 98, 619. 385, 199 .
Anienis 415, 329 550 annua-40, 25. 280, 713
Anigros 447, 282 animos 442140, 150 ansa 245, 653 .
anilem 86, 277. 163‚43 animosque 186, 688. 303, anseribu's6o, 539 - -
aniles 265, 276 , 519. 311,1 - Antaeo 261, 184 ·
anili 299 106. 384,533 ammosa 167, 134. 170, 206. ante 11, 448. 26, 487. 20,
anilia 43'1, 766 331, 552 563. 32‚629. et’alibiquam
anilibus406, 96 animosos 42,84 plur.
anima 93, 473. 109, 110. animosus 356, 469 ante 4, 2. 24, 442

171, 25:⁹3. 197, 250. 313, animum 54, 384. 161, 5. anteit 314, 65. 378 366

43. 334, 643. 409, 195, 170. 240, 508. '281, auten uae 423, 554

174 744. 327, 430. 370, 165. antennas 98, 616. 329, 489
animaque 52, 312 472, 852 antennis 329, 483 .
animae 63, 611. 212, 612. animumque 193, 133. 277, Antenora 37⁹2, 201

237, 406. 286, 41. 343, 611. 410,178 ‚ Anthedone 193, 232. 398,

69. 345, 143. 355, 425. animus 3, 1. 37, 775. 62, 905
383, 488. 418, 411. 442, 602. 77, 54. 141, 150. anticipata84,235
158. 456, 457 260, 152. 298, 375. 353, Antigonem 165, 93

animaeque 184, 641. 239, 383 414, 525' Antimachumque356, 460
438 animusque 301, 459 Antip hatae 412, 249

animal 8, 76. 406, 93. 441, Anius 388, 632, 643 Antiphates 412 234 Δ
1-40. 450, 342 anni 139, 101. 178, 439. antiqua 58, 485. 266, 320

animalia 8, 84. 23, 416 425. 231, 273. 441, 113 antiquae 120, 445. 202368,

25, 464. 412 636. 281, aunis 36, 750. 41, 55. 137, antiquam 59, 523. 164, 71. .

732. 296, 421. 303, 537. 50. 150, 400. 162, 29. ³24, 343
857,503.4.51‚363194,16:3.195,168,177.antiquarung145,265
animam 139, 106. 140, 134. 200, 312. 213, 658. 227, antiquas 23, 437.167,145.
113, 222. 171, 247. 181, 171. 230, 239. 245, 632. 141, 74. 464, 686
539. 183, 618. 211, 591, 247, 712. 270, 416. 271, antiquis), 119. 417. 396
605. 220, 866. 240, 505. 439. 275, 552. 300, 440. antiquique 231, 259
261, 780. 292, 188. 357, 302, 520. 322, 302. 347, antiquis 231, 314. 447, 271
508. 367,'76. 38¹7,606. 138. 359, 543’. 366, 66.antiquo 23, 423. 390, Tw-
432, 777. 443, 171. 458, 386, 596. 415, 355. 455, 420, 477. 426, 611
528. 473‚840‚ 846 445. 456, 470. 471, 817 antiquum 51, 299’. 398, 89⁷
animantem440, 90 annisque 145, 569 299, 414. antiquus 349, 236. 438,41
animantibus'7, ’73 415, 90 antissam, 287
animantis 440, 90 anno 51‚-287.182, 571. antistita 380, 410

