566 INDEX
Pa14091,419 437 159. 647. 197, γε, passm-21 483. .,462 615

Pansam, 20¹3. 471, 805 227. 458, 52 6 bis passmus 61, 573. 81‚175.·
par1t 266, 3²23. 440, 92 pa113n1q110‘23. 436. 159,646 314, 64

pan-nem} :369 57, 415 62, partior 313, 633 pa si1n6, 57. 47,193. 210,
· 601. 63, 610. 66, 698. 69, partis 176 411 567. 333, 613 et alibi

⁶751. et «hibi ρ.11ιν·’ part. tas 133, 775 ⁷ passimque 133, 779
pariterque 52, 312. 58, 505. partu ο.) 669. 57, ‘172- 112, passm 48),238.154,513’.

65, 674. 91, 426. 113, 028). 210, 504. 279, 677 1753, 297. 198, 257. 225,

376.180‚501.238,441.210602383, 486. 452, 107. 282, 771. 413, 285

913, 53²3. 309, 722. 327, 378⁷ ι paesisqm 123 ,521

442. 331, 556. 358, 529. partus 187, ¹712. 238, 451. passo 413, 271-

441, 183 266. 300, 301. 709, 67 3 passosq11e313,49
paritura 146, 304 parva 123, 671. 17, 214. 70, patens170, 218. 376, 311

pa61111ae169,1227. 243,593 788. 73, 853) 89, 567- patent 79,114.1:31, 725.
parmam 345, 130. 370, 167 111, 180. 123, 516. 131, 133‚76·0'. 176, 380. 210,
Parnas wi -.5 467. 32 4, 339 417. 216, 758. 245, 630 557. 322, 284. 342, 46

Part1asn1³8643.145,¹278 246, 671. 247, 699. 327, patentes 46, 179. 297, 350.

Pamasside317‚ 165 433. 451, 363 461, 583

Parnassus 19, 3’17 pat-xa 19, 319. 162, 13. paten’ti 274, 536
Pamassus‹1ue48,2⁶21 174, 359. 202, 361. 318, pater11,154. 12,163. 26,
Pa7011207465 187 - 481, 432, 487. 28, 545.
Parosque 229, 221 parvaque 152, 458 32, 651. 40, 36. 43, 92.
Parrhasio 234, 315 . parv Ρ 144,242.168,142. 44,116.122-52,304.53,
Panhasis 57, 460 2¹20,861.⁷ 234, 337. 342, 229. 55, 401. 58, 495.
vpar 13,191.16,244. 19, 49 64, 649. 65, '664- ‚et alibi

· 311, 31). 22, 407. 23, parvam 5361, 616. 408, 147 plur. ·
499. 3¹¹, 11, 12. 56, 426. ραι-1763294, 261. 318, 201 paferque 115, 290. 264, 245.

,665, 672. 68, 737. 85, parvasque 152, 448 268,382. 299, 401. 306,
225. 8.,)9 622, 643 his. μεῖνε) 396, 833 638
114, 2¹72 'bia 119,396.etparuer1t 024, 33 patera 260,160
alib’i quam plur. paruen unt 113 225 pateram· 90, 704-
parsque 1.Ὸ,444. 122, 493.parv1 129, 645. 164, 62 pat rer 408, ’141 - .
⁶260, 291. 324, 355. 463, parvis 16'2,13.1'83,625.ateres108 '75
648 289, 114. 317,152 paten's 460, 575
parta 551, 1. 378, 348 pannt 376, 318. 407, 116 patema 243, 601. 327, 457
parte5, 35. 6, 46. 26, .01. parum 124‚547. 160, 666-patennam171)‚213

34, 686, 687. 72, 839. 161, 3. et’ alibi patern152,327 252124
¹76,43. 78, 94. 93, 483, panvo 108, 83. 115, 281. patemus 21‚363. 4’4,126.
484.11-,1 268. 118, 367. 178, 442. 199, 300. 205, 176, 407. 473, 852
129, 655, 666. 141, 152, 426. 228, 194. 252, 855. paterno 224, 78. 403, 27
162. et alibi quam plur. 294, 242. 355, 421. 357, patemus 41, 47. 46, 182.
partem 77, ¹70. 14:252 A.‘3.0 481 224,84. 41073105
. 145, 2⁷0. 169, 180. 184, parvoque 65, 668. 358, 512 paternum 97:591. 265,,274
638. 210, 564. 237, 427. parvos 115, 283. 119, 407. patet 16, 241. 27, 518. 206,

245, 649. 252, 864. 317, 502, 494 414. 228, 186. 301, 488.
’178. 528, 447. 358, 535. parvum 125 522. 277, 628. 330, 515. 368,119. 438,
396, 830. 403, 24. 458, 424, 589. 453, 402 ” 37 - ’
fflss’ parvumque 125, 563, 269, patetis 301, 483
partemque 114, 266. 398, 387 pati 16, 243. 152430. 181,
882 parvus404, 51 55:2¹. 285, 25. 34¹7, 20¹2.
partes ’,16 245. 33, 667. pascas430, 728 , 442, 157
71, 820, 826. 90, 381. pascat 281, 748 patnar 190, 32. 240, 497.
126, 587. 129, 660. 138, pascere 172, 280, 281. 261, 327,4›22
93.151, 419.164,85.176 patiare 220, 861
242, 564. 321, 262. 382, pasci32, 630. 72, 841 ραηρηιω· 149, 377

479. 404, 62. 423, 541 1135611613)632. 262,202 patienda 408, 144
452, 378. 458‚528. 467, pascua 31, 597. 33. 665. 66, patiens 158, 611. 196, 211

739’ 689. 11⁹2, 214. 173, 324 panemque 213, 656
parte sque 140, 139. 243, 587 Pasi pha‘e‘i’a 458, 500 patiente 423, 540
Parmone255, 12 Pasiphaen 226,136 patientem64, 653 ⁴·
Parthaoniae 241, 541 passa 75, 11. 107‚51. 113, patientia44‚ ⁹123. .,160 667..
pannoniamque 262188 233. 199, 287. 240, 502. 260, 164. 421, ’486
Parthenopeia 407,101 269, 403. 281, 739. 297, parient10r397,859
partique 108, 79 352- 347, 197. 356, 4⁷4. patiere43, 97. 86, 289 .
partibus 46. 160. 163‚5.> ⁰. 453, 410 473, 846 patior 268, 372 ’

40465. 452387 passae’ 198, 274 patitur 32,644.117,350.-

participes 80, 147 passam 267, :332 122, 467. 317‚1⁷5. 3²3,
pm 5, 40. 15, 229. 23, passaque 417,400 309. 427,6324119‚ 321

