VOCABULORUM. 435

antistite 338, 632 Apoll3nei 272, 454. 312, 8 446, 246. 447, 282. 450,”

Antium466, 718 Apollineos 317, 155 328. 465, 699’

1111171110, 121. 52, 303. 82, Apollinis 292, 209. 371, aquatica 26'7, 341. 288, 96
177. 354, 417. 394, 777. 174 aquaticus 73, 853
395,811. 407,104. 422, Apono 344, 306. 344, 359 aqn3112166,103
514. 450, 349’ appareat 68, 734 aquilam 27⁵, 506

antraque 145, 466 apparentia 118, 391 aquilone19‚32‘8. 188,3

anm 69, 761. 333, 605 apparuit 79, 107. 431, 767 aquilonem 17, 262

antris 17, 262. 51, 269. 87, appellant 250, 798 aquilonibus 44‚132. 145,
314. 90, 394. 115, 289. appellare97, 591. 130, 682 285. 287, 77
157, 48. 115, 511. 316, 474, 867 aquis 15, 229. 51, 270. 76,
147. 366, 47. 396, 822. appellat 272, 465 31. 92, 429. 108, 92.
450346 appellatque »95, 468 , 117,554.144,480 1:31,

, antro 30, 575, 583. 75, 14. appellavere 207, 473 722. 132, 732. 157, 595.

*¹76, 31. 320, 251. 318, Appenninigeuae’ 454, 432 169,13;3.174,349. 195,
21) applausu 117, 352 190. 210, 571. 215, 712.

111111Ηο11101609391,763 applcat 111,16Ο. 196, 223 245, 654. 2.,51 836. 421,

antrum63‚ 630 81,157 applicor 98, 598 482. 425, 604 844, 294

Anubis 279, 689 apponrectumque 61, 561 aquosae 127, 622

anum 86, 275. 153, 4,.(1 appos3tus 242, 570 aquosis 156, 570
16-. ¹26. 323, 310. 384, appos3t3 126, 601 v aquoso 291, 165
519. 427, 656 appositis 251, 831 . ara 132, 755. 139,37. 137,

anumque 428‚675 “ appropera451, 584- 57. 17.3,326. 174, 329,

anus 152, 449. 245, 661. appu enam 324¹, 353 331. 293, 224. 318, 198.
298384, 391 428, 659 appulit 337, 717 341, 12. 380, 409 -

amna 31, 623. 71, 806, 807. apr1131, 723. 416, 359 Ambas 301, 478
215, 730. 265, 275. 526, «1117161 116, 331 Arachnes 161, 5. 167, 133.
411. 329, 471 apris 303, 539 168‚1··>O

anxius 13, 182. 379, 371. apro 18, 305. 83, 213 arae 21, 374. 139, 104
88, 339. 247, 333 apros 415, 343 aram 341, 31. 349, 260

Aornos 38, 339 apmm 232, 282 · aranea 11’1,179.1’67,145

Aonides 1’47, 333 apia 23, 43⁹3. 116, 302. 186, ararat 18, 294

Aomdum 161, 2 690. 275, 571. 299, 409. aras 16, 2318, 161, 171. 191,

Aoniis 217, 768. 258, 112. -394, 783. 427, 637. 452 ..‚ 74.197,440.198,254,
341, 24. 390, 682 376, 577 258. 205, 427. 211, 603.

Aonios 19, 313 aptabat 298, 381 232, 278. 239, 480. 249,

Ap ‹mainus—18, 226 aptae 349, 244 763. 260‚160,164. 283,

aper 102, 714, 745. ⁷ 210, apta11q136328,456 781. 295, 273. 332, 579.
545. 234398. 235,355.‹1ptat0110,162 441‚114,132. 460‚574.

. 262,192. 309, 715 apr( 48,753. 111,181. 428, 464, 671, 686. 467, 723

aperire 276, 601. 460, 559 685 aratra 153, 478

aperit 2,47 706. 501, 457 aptius 403, 25 81Ἆῐ1’151,286. 75,11. 193,

aperite 17, 279 aptus 431, 765 118. 402, 2. 441,123
apertaae12294 apud30‚586. 346,163 aratro 28,104. 148, 341.

apertaessed, 688 aqua 18, 301. 92, 450. 94, 196, 211. 462, 618

apertas 120, 439. 461,.598 505. 198, 261. 2:30, 230. aratus 193, v,122

aperti 326, 3177. 372, 208 337, 716. 394, 767. 449, arbiter 57, 458. 88, 332

apertis 12,172 324 5ι151111649,234. 149, 380

aperto 15⁷, 222. 53, 339. aquae 6, 53. 23, 432. 121, arbitrium 113, ‘'24- 273,
186,693. 344‚1,02. 390, 459.149‚386.165,107. 501. 315,101. 362,

693 174, 313. 2· 34, 3:35. 258, 628
apertos 18, 485. 313, 59 96. 316, 14‘.. 330, 520.a1bor 29‚¹358- 78,93. 107,
apertum 124,527. 427,165. 333, 603. 399, 918. 415, 54. 108, 89. 110, 158.

331, 555. 344.100 329. 426. 616. 432, 795 128. 645. 212, 613. 248,
apes 4’51‚366 , aquom 176, 398 735. 249, '775- 268, 367-
apex 218, ‘784 aquarum 1,8 281. 19, 315. 289, 107. 302, 495, 509,
Aphas-eiam, 304- 117,344. 124,532. 174, 512. 307,647. :35:3,.·361.
Aphareus 352,311 349. 193, 108. 248, 736. 422, 523. 460, 573 ”
Α phides351, 317 255, 17. 258, 117. 305, arbore9, 106. 24-,151. 54,
apicem899, 910 606. 324, 356. 332, 568. 86⁴!- 91, 410. 102, 730.
Apidani 197, 228 337,730.404,4.447,108,95.109,131.116,
apisae9 928 266. 458,508 381.155,536.158,614..
αρίιιιι14.52,·383 aquas 17, 271. 30, 584. 51, 165, 102. 171, 331. 214,

Apolline 91, 4⁴21. 203, 389. 273. 82, 189. 93, 475. 672. 237, 410. 249, 768..

391, 714. 463, 638639 97, 591. 109, 124. 131, 250, 789. 268. 376, 377,
ΑροΙΙ1ιιοω459,533 707. 150, 2³88. 151, 429. 380. 294. 262. -,302 500.
Apollinean138'8‚631 0 157, 587. 159, 637. 447, 505, 541. 314, 49. 315,
Apollineas 45, 473 - 116. 271‚447. 319, 208. 1133 320, 244.1 3⁶29, 476.

