’ 890. 87, 302.113,248.
125, 554. 129, 651. 201,
.344. 315,107. 318, 181.
353, 357. 355, 425
tetitat’a 13, 190. 63, 619.
260, 168. 320, 239
ternumque 323, 326
tentata: 295. 289
tentatis 405, ⁴22
tentatos 125, 553
tentatum 295, 283. 458,
tentavit 290, 145. 356, 458
tentem 272, 478
tentemus 357, 491
tentent 108, 85
tento 161⁴, 702. 171, 243.
218793. 273.500
tentori! 223, 48. 373. 249
tenuata 55, 374. 209, 531.
421,498
tenuatus 446, 246
tenuaverat 417, 399
tenuem ..o 708. 98, 482
tenuere 14, 206. 107, 57.
“, 110,168. 177,130. 184,
638Ῐ 2,)2, 5. 372,203. 591,
tenuerunt 266,001327‚433.
398, 897. 422, 516
tenues 29, 571. 108, 104.
109,123. 164,6-2. 174,
351. 228, 79. 212, 558.
418, 411, 261. 431, 825
tenuesque 288, 97
tefiui 28, 51¹». 81, 161. 107,
65. 887,735. 371,190.
418, 429 ·
tenuique 119, 408. 256, 33
tenuis 198, 272
tenuisse 35, 706, 712. 291,
172. 364,17. 437,13

, tenuisset 341,10

tenuissinm 111,178.
7,·6. 152, 401
tenuissimus 446, ‘2218
tonuit 12, 167. 53, 338.
68, 740. 112198. 151,
420. 186, 710. 19·1,146.
195, 169. 238, 463. 284,
6. 317, 168. 414, 308.

131,

701.

tenuitque 31, 600

10110851,275. 82,189. 117,
3-1-3.131,720.1.”)1,413.
157, 593. 159, 612. 171,
⁶⁹58. 557, 491. 398, 893’
ἕω, 59. 458, 512. 464.
73

tepebat no. 163. 138, 76

tepentibus 9,107 ”

tepere 295, 281

tepescere 91, 412

tepcspunw, 63

tepida 421, 575

tepidae 302, 500

lepidi 197, '247

425, 593. 426, 611. 465,

νοοΑΒυιοΒυΜ.-

603

tepidique 267, 339. 465, 393. 51, 615. 40, 15. 45,
708 134. β.“)“,870. 79,116.
tepidis 51, 269- 245, 651. 81, 112 ’.’“’, 635.100,
296, 827 6521 0, 410. 1, 7 6 o‘
tepido 268, 5363. 297,360 1· »0, 401. 1 ›4‚ *’2, 496.
ιερΜ ,s ..119, 225 169‚127.176.;5 1,89
tep· »re 71, 811 23.195,191, ¹90 2:04
teque, 64⁹, 653. 122³, 478. 206, 445. «10, 5511 216,
’ 193, 522. 126, 591! 2¹04, 139. 237, 402, 41 1. 214,
401. 304. 566. 383, 483 601'. 609. 251. 830, 835.
bis 264, 254. -66, 318. 271,
tet· 51, 270, 271. 58, 4. ¹¹7. 247. ι277, 633. 2¹,85 17.-
89, '‘351. 1528, 6251322119, 128. ³41,480, 490.
734.167,1:33.194,153. 5⁴26, 407. 4042) 948. 474,

1¹5, 189 b1'3. 198, 261. 860
200, 324. 2215, 51. 249, temque 77, 75. 354, 390.
749. 256, 50. 295, 279. 400, 937. 444. 193
300,452. 327, 419. ’ἶ45, terrae5, 37. 6, 52. 10,138.
133. 387, 611. 404, 58.
410, 5206

terque 1‘2, 179. 41, 49. 123,
517. 198, 261. 263, 217.
350, 288. 887, 610

tercentum 408 116

Tetea 1».“3, 615. 181, 647

Tereaque 352, 353

terebaqtfflfi, 167

terebrata 171, 260

Tereo 184, 635

teres 68, 76’ 5

teretem 162. 22

teretesque 294, 260

16,- ·47. 21,364. 22593.
32, όζὶὶ. 67, 774. 4-,7 207.
51, ι298. 5.), 437. 55, 407.
76, 21. 78, 102. 113, 243.
140,122,136.147,321.
148,354’,361. 153, 481.
154,-191. 164, 71. 186,
69.7 212, 631. 243, 577.
264, ‘241- 296, 306. 337.
721. 858, 521. 380, 420.
403, 7. 405, 82. 471, 817
terraeqne 43, 96. 150, 680,
686. 159,644. 181, 558.
210‚578. 345,139. 444,

101eti 289 11.) 195. 460, 556
Teren 179, 197 ωτι-11111554. 8,81. 11,157.
'lereus 177,424.178,455. 13.180. 17,‘.’83. 164,

179, 473, 478. 184, 650. 80. 174, 346'. 199, 283.
185, 682 206, 412. 296153. 291,
Tereusque 178,133180. 545, 118. 360, 569.
tere-1 22, 39·.1 39, 10. 47, 382, 477. 388, 629. 392,
187. 76, 22. 77, 68. 97,-· 716. 411, 227

75. 131, 715. 719, 725. terramque 114, 953. 298,
111. 161. 147, 323. 167, 389 .

125. 17(),2·2.·3. 175, 379. terrarum 4, 14. 20, 354.
1(»1,552. 186, 698191, 225,118 ’
7.). 2 ’,3 34. 235, 363. terrarumque 39, 7

237, 429. 212648. 258, terras 4,22.11,150.· 13,
.107. .,».), 127. ῳ66320.189,195.14,213.16.
307, 670. 308, 701». 344, 253. 19, 329. 20, 349. 31.
97. 351, 313. 372, 224. 599. 82, 651. 33, 674.
375, 237. 897, 879. 599, 39, 6. 41, 65. 111, 194.
914. 405, 66. 408, 143. 134, 788. 159, 648, 654.
416. 063 448, 305 105,10.“». 186, 692. 209,

tergaque 305, 592

tergo 75, 863. 77, 71. 108,
101. 235, 348. (289,1·24.
‘¹¹ ³6, 3¹9

524, 528. 313, 61.
4209. 327, 425. 333, 607.
375, *.ἶ9) 380, 400. 4:3⁶,
817. 469, 71. 447, 263

tergoque 28, 511. 256,54. terrasque 34¹2. 39. 406, 86

319,

352, 545 terreat 13⁴.802.148‚358
tergum· 78, 347 terrebant 177, 423
teu-{ore 245, 649 ten-ebat 158, 616

tergum 21, 385. 47, 201. terrebit 96, ⁵61
351, 401· 481, 500 ten-ena 22, 408
ternumque 152, 434. 415.1e···11‹nv ι, 68
313 terrenaque 197, ⁴248
terit 278, 654 , terreno 417, 273
terna 285, 22 tor-ent 20, 357.
ternis 195, 190. 201, 414 327,,427
terra 7, 75. 19, 314. 2⁴2, terrens 867, 83

45. 27³»

s

