584-

154, 507. 155, 543 189,
590. 395, 389. 385, 545
reginam 125, 559
regina7, 72⁹·
regione239, 939. 422, 517
regionibus 178, 459. 196,
993. 996, 306. 349, 41
regionis 47, 903
regis72,843. 133, 764. 159,
650. 903, 385. 901, 395.
993, 43, 59. 300, 436.
305, 606. 319, 911. 333,
591. 334, 697. 389, 470.
ξόξ, 359. 434, 837. 465,
regisque 140,147. 375, 976
regit 149, 3²70. 214, 689.
986, 47
regna7,61. 193, 511. 145,
977. 190, 38. 907, 47 9.
943,955. 255,18. 285,
15, 35. 322, 284. 388,
649. 407, 111. 424, 569.
432, 774. 459, 531. 473,
regnaque 263, 232
regnabat 412, 234
regnarat 496, 690
regnat 16, 241. 251,
271, 437. 348, 991.
regnata 944, 693
regnataque 392, 790
regni 149, 368'. 168,153.
222, 10. 256, 49. 285, 30.

829.

393, 758. 403, 20

regnive 143, 218

regnis 128, 698. 971, 444.
301, 486. 398, 881

Ἢ1188

regnorum 156, 566

regumn 11, 152. 122, 477.
131, 705. 178, 463. 240,
495. 391, 270. 391, 7102.
406, 86. 415, 331. 495,
590. 496, 614

ῐθΞὲιὲιιηᾳιιε 384, 599.

regunt 971, 433

reguntur 169,179

rejec3 255, 32’

1991ὲέ1ὲῖ3...

rejice 498, 677

rejicere 62‚582

‘ffissffgffiijss‘ssg

re s

111

relapsa 986, 57

relatis 170, 211. 368, 122

relatu 134, 793. 960, 167

relatus 262, 188. 405, 83
relaxant 17, 981

relecto 227, 173

457,

INDEX

releguntque 195, 570

relevare 174, 354,- 919, 815.
966, 318. 457, 496

relevasse 437,.16’

relevat 316, 129

relevere 979, 674

relicta 345, 144

relicta72, 847. 99, 649. 115,
293. 191, 447 995, 108.
309, 504. 397, 423. 442,
158. 457, 487

relictae 999, 991

relictas 165, 105. 232, 977

relictis 199,668. 144, 959.
978, 643. 391, 707. 456,
7. 412, 148. 459, 541

relic1068’‚ 730. 51,369. 113,
9,)5. 320, 258· 339, 772.
474, 869

relictiim 90,317. 47,187.
73, 873. 331, 543. 385,
552. 414, 184

relictus 195,170. 366,56.
410,178. 411, 217

religarat 381, 439

religaret430, 735

religata 130, 683. 427, 645

τείἰςᾶῑὲ 412, 218

religatam 130, 672

religatus 419, 445

397, religione 308, 693

relinquam 190, 59. 191, 55.
977, 619. 336, 704. ⁹409,
175. 464, 658

relinquant 108, 86

relinquar 190, 41

relinque 153, 999. 506, 690
356, 476

relinquentur 450, 349

relinquere 297, 341 ⁷

relinquet 169, 196

xelmqu1295 935. 458, 525

relinquis 995,119
relinquit 28, 538. 69, 771.
76, 39 '108, 101. 126,
589. 160, 34. 201, 357.
301, 459, 478. 307, 670.
881, 498. 406, 87, 100.
416, 363. 422, 513 ,

relinquite 947, 691

relinquitur3114, 585

relinquo 61, 576. 117, 336

relinquunt46, 167. 59, 315.
170, 202. 380, 421. 400,
939. 419,446

reliquerat 31, 598. 978,645.
416, 348

reliqu’e runt 393, 734

reliqui 215, 739

reliquit 11 150. 26, 494. 97,
596. 47, 186. 97, 585,
590. 140, 136. 975, 563.
987, 66. 807, 669. 321,
277. 3³23, 327. 349, 251.
366, 71. 384, 522. 401,
966. 459, 539

reluctanti 350, 964

reluxit334‚ 617. 431,769

rem 91, 417. 366, 49. 368,
τειΙῃοέηεηῐ8998, 181

remanet 28, 559. 94, 493

'remansit 139, 750. 156, 563.

123, 677. 231, 955. 964,
remeabat 460, 569
remeasse 456, 480
remeat 334, 632
remi 423, 551
remige 1⁹78, 445. 225, 10³2
remigioque 930 228
remigis 378, 367

reminiscitur 16, 256- 175,

383. 199, 293. 337, 714
reminiscoi 388, 649 ’
remis 98, 598, 619. 100,
657. 156, 558. 180, 519.

226, 138. 405, 75. 465,
reiffi'que 392, 728
remisit 46, 185. 4⁷, 200.

94, 500. 215, 718. 266,
314. 453, 414
remissis 113, 229. 150, 399.
35⁰³ 228. 266, 315.
remissos 88, 319
remissurus 139, 95
remittas 180,501
remittat 90, 378
remittent 398, 459
remitti 31, 604
remittis 99, 460 1
remittit 47, 191.167. 144.
997, 330. 395, 376
remittunt 390, 709
remoliri 148, 354
remollescit 978, 661. 995,
985
remollescuut 91, 378
remoraminaque'w, 567
remorata 109, 137. 307, 671
remoratur 379, 990
remoretu1320‚ 233
remos 18, 294. 100, 664,
676. 398, 469. 329⁹, 475,
486. 421, 507

⁹ remota 17, 279. 389,676

remotam 184, 638

remotis 19, 328. 242, 571

remoto 368, 100

remotos 439, 69

remotus 338, '764

remove 143, 216

removebitur-343, 91

removente 179, 493

removerat 108, 81

removere 198, 256

removere 227,157

removete 382, 467 ν

removi99, 645. 379, 373

removit 33,674. 154, 488.-
163, 43. 184, 649. 369,
δ”, ’.6 381, 432’. 410,187 “

197ἅῶ836887 ’

