530 moin<

419. 106, 27. 109, 1³2. hebeti 343, 85 Herculem 359, 539.
2⁴26. 1-1—1. 960, 168. 350, Hebro 5123, 51) , Herculis ⁶265, 278, ³60,
269. :398‚906 Hecate 195, 174, 194 , 574 · ³
haeserat 180, 530 Hecate'm -10-1, 41 hei-il}- 302, 502
haesisae 114, 966 Hecateidos 167, 139 hon-ih 80, 140
haesisscm 99, 628 · Hecates 197, 2111 Hermaphroditus 118, 383
haesit 55, 410. 84, 933. 125, Hector 340. 3. 343, 69. 367, hero 252, 853
560. 142,183 83. 371, 178. 355, 448.heros 65, 676. 8⁰2,198. 135,
haesura 235, 318 375, 279. 385, 2187 , 1. 194, 156. 204, 410.
halabat 219, 815 Hectora 343, 75. 359, 443· 908, 496. 990, 868. 234,
Halcyone 325, 3842 326, 361, 607. 371, 178 , 3224. 24⁶2, 565, 572. 254,
416. 32⁷7, 493. 398, 453, Hect01·ei1:343,67 1. 960,157. 986, 50. 292,
399, 473. 332), 563. 335, Hectoreis 364.7 · 907. 307, 659. 309, 370. “
661, 674. 336, 601 Hectoreo 375, 975 391, 964. 394, 351. 339. >
Halcyonem 339, 56⁶2. 333,- Hectoris 338, 753. 360.591. 773. 368, 1524. 370, 166.
’ 588. 334. 6‘28 381. 496, 4⁶37. 384, 512 337, 625. 388, 644. 397,
Halcyoneus 140, 135 Hecubaeque 386, 577 . 879. 420, 461, 5163. 424:
Halesi 356, 462² Hecube 381, 4525. 385, 550 784. 457, 49⁹2
Haliaetos 0226, 146 hedera 147, 358 Herse 67, 7¹:24. 68, 739,747
halitus 77, 75 hederae 100, 661. 117, 365· Herses 71, 809
Hamadryadas 34, 690. 426, ⁶288, 99 Υ Hersiliam 431, 839
621 hederarum 183, 599 Hersnoneque 319, 217
hamata 119, 384 “ hederis 167, 128 Hesperidas 315, 114
hamatis 71, 79 hei ι27, 5223. 170, ⁶227. 990, Hesperien] 338, 769
hamis 97, 586. 171, 25⁴2 848. ⁰239, 491. 274, 519 Hesperio 45, 191⁶..)- 128, 628
hamo 131. 720. 440, v101 Helenamque 37⁰2, 200 s Hesperium 320, 958
hamos 321, 349. 399, 934. Helene -128, 669 . ‚„ ⁵< heu 57, 447. 63, 619. 81,
456476 Helenum 368, 99. 450, 400. 2529. 94, 500. 110, 153.
hara 413, ί286 Helenus 455, 437 172, ‘27:3- 224, 85. 524,
Harpalos 84, ‘2⁶22’ Helicen] 299, 207. 448, 349. 33⁹2, 562. 337, 290.
hasta 1217, 782. 9437, «115. 993 ¹:357, 498. 366, 51
343, 89. 368, 109. 1169, Helicon 48, <219 hiatu 148, 357. 204, 409. ⁴
769 Helicona 144, ⁶254. ⁶241, 533 417, 973 - ”
hasta 70, 786. 235, 366. Helimumque 356, 460 hiatus 81, 162,
343, 67, 83. 356, 477. 370, Helles 318, 195 hiberna 141, 158
171 Hellespontus 580, 407 hibernis 395, ¹793
„ hastae 344, 105, 11⁶2. 4:34, Helopsque 352, 334 hiemalibus 258, 1Οᾷ

819 herba 32, 632². 33, 681. 56, hiems 72,827
hastam 100, 667. 136, 39. 490. 65, 669. 73, 864. hiems ue 1520‚436

140. 1:37. 2⁶24, 66. 341, 75, 12‘. 76, ΞΒ. 92, 438.ὴ11ωὶζί us45‚154

115. 353, 369. 460, 561 94, 502). 2302, 290. 339, Hlphmoum 353, 3¹79

hastamque 370, 167 775. 400, 942. 403, 21. Hippasus 933, 318 “
hastarum 236, 375 , 411, 216 Hippocoon 234, 314
hastile 77, 69. 214, 681 herbae 19⁴2, 105 287, 87. Hippocoonte 235, 363
hastilia 2⁶22, 28. 232, 286. 333, 606. 416, 350. 440, Hippodamas 243,599 -
415, 344 78 Hippodamen 348, 210, 224
hastis ι288, 93 herbam 992, 210 Hippolytum 457, 497
haurire 577, 331 herbarum 97, 599. 403, 14. Hippolytus 459, 544
hauriret 384, 535 405, 69. 416, 357 Hippomene 305, 608. 307,
haurit 294, 252. 385, 564 herbas 32, 645. 65, 669. 658
hauserit 270‚412 70, 799. 78, 86. 108, 8⁶2. Hippomenen 307, 651. 308,
hausi 394, 787. 414, 309 114, 967. 196, 635. 145, 690
hausimus 413, 277 ³ ⁶266. 178, 457. 192, 98. Hippomenes 304, 575. 305,
hausit 140, 196. 934, 397. 196, 994. 200, 237. 219, 587. 306, 640. 307, 668
236, 371. 381,“425. 449, 836. ⁶250, 800. 278, 654. Hippotadaeque 465, 707
320 5384, 8. · 413, Q67, ι270. Hippotade 406, 86 ·
hausta 13⁶2,74o 416, 347. 429, 690. 450, Hippotades 129, 663. 321,
haustae 318, 187 326 431 ,
hausti 408, 136 herbida 939, <282 Hippothoiisque 233, 307
haur-tis -108, 129 . herbis 27, 523. 71, 810. 73, 1111111118 40, 30
hausto 256, 35 85. 107, 49. 116, 314. hirsutaque 84, 222. 288, 103
haustos 381, 4²26 117, 341. 153, 489. 195, hirsutam 394, 766
haustus 109, 118. 174, 356. · 196. 198, 251. 292, 188. h.¹¹'⁵¹¹t.¹ 410,207
1123‘2’338, 400 ιιεῗὲἶέἒῖἷῖιὲ 135ῗῖὧῶ {¹131ssss 259325255280
Hebes 357, 485. 369, 135 her 10333 460, 574 hirtaeque 397, 350
hebeiaiat 152, 444 - herboso 419, 445 lusce 28, 546

hebetastis 196, 210 Herculea 334, 6⁶27 hiscere 373, m

