VOCABULORUM. 481
agitataque 211, 586 agrosque 76, 95 Alcmena 255, 23

agitati 186, 708’ agunt 910. 551. 309, 492 Alcmenae 241, 543
agitatiswf, 336 aguntur 95, 597 Alcmene 965, ’976, 281. 266,
agitur 149, 372. 186, 685. Avyrtes 110 148 313. 269, 396
330, 502. 438, 36 Ah 58, 489. 73, 863. 175, alebat 91, 2111. 953, 878.
Aglauros 61, 560. 64, 739. 386, ’bis ee alibi 267, 339’
, 69. 749. 70, 785 81181111’193,191 Α18111’0118437, 19
agmen 84, 242. 909, 3648118018 197’, Alemoniden438, 48

212, 638. 293, 38. 315, ahenis 184, 615. 909, 349 Alemonides 437, 96
97. 350, 961. 356, 4678118110 198, 962, 979. 900, 8180111379, 914
361, 598. 404, 46. 419, 319 alendum 381431
238’81181111111 163, 61 Aleon 390, 683
agmenque 465, 691 ai, 81 293915 ales 60, 537. 544, 67, 714.
agmina 44, 11’4. 95, 535. Α’1800111370, 164. 379,390 117, 362. 146, 998. 180,
141, 151, 161. 177, 493. Ajaci364. 17. 367, 97. 370, 517. 229, 213. 953, 873.
343. 75. ’374, 155 156 997, 328. 333, 597. 337,
agmine 90,37'9.135,-9. Aiacis 370, 159 376, 305 733. 391, 710. 394,
192, 103. 212, 624. 2:37, Ajax 362, 622. 363, 2. 364, 771
431. 385, 560. 491, 506 98. 3’67, 97. 369. 141. alg5390‚ 933

Agm0n491, 484. 494 379, 919. 374, 954. 377, algae 404, 38
Agmona 491, 497 338, 340. 378, 356. 379, alia 96⁷, 330- 447 978
83111127, 505. 180, 597 390’ aliae 106,37. 157, 583. 177,
agnae 185, 626 ait 15, 29.2 17, 978. 99, 419
88111396, ’827 391. 95, 464. 96, 498'a11am191446
agnorun’t121,455 31, 608. et alibi quam 8115301409. 153,476. 371,
agnosce 46,183. 187, 613 pllcr. 177. 446, 253
agnoscendo 349, 951 alae 360, 570 aliena 157, 76. 997, 340.
,agnoscet408‚ 151 alantque 389, 658 459, 517 ,
agnoscis335‚ 658 alas 33,671.60,535.117,alien²ique 80, 139
agnoscit364‚ 97 ⁷ 364.198,269.299,901.alienae 96⁷, 3⁹26· 365, 33
agnoscitque 143, 212 909, 916. 931, 954. 941, alieni 189, ’·22 238, 4⁹38
agnoscoque 913, 651 544’. 339, 789ἶ 387, 606’ alienisque 211 6¹0
agnovere 208, 4⁵95 491, 501 8118110 496, 631
agnovique 336, 686 alasque 394, 33 alii 16, 945. 30, 581- 83,
agnovit 153, 471. 958, 119. ,4185101801ιέ 374, 957 209.- 85, 254. 99, 620.
309, 719. 315, 94 alba 55, ·413. 107, 51. 936, 237, 431. 255, 13. 324,
agnov'itque 151, 414 373. 495, 609. 496, 619. 358’ 329 486 334 645·
agnus900, 311, '390 445, 913. 348, 994 358, 599. 362,
Agre 83, 212 Alban'os 498. 674 624. 455, 446. 332, 559
agreste338, 767. 463, 655 albaq ue999, 494 aliis 85, 953’. 97, 579. 198,
agrestem 250, 787. 444, 903 81118563, 632. 309, 719 975. 913, 661. 231, ⁴265.
373’ albent1139 110 953³ 456, 479' ’
agresti 197, 242. 499, 521 albentia 94, 516 aliisque 176, 408. 308, 703.
agrestibus 317, 161 albentibus 905, 415. 317, 724, 345. 432, 793
agrestis 167, 19'9. 395, 379 176. 458, 519 alimenta 69, 769. 78, 315.
agmmm427, 635 albescere 3329, 480 93, 479. 192, 79. 201,
837195, 528. 140, 129 albet 175, 1380. 198, 963. 416. 951, 83⁴7. 953, 874.
agricolam 318, 192 3:30, 501 261, 183. 287, 75
agricolis 231, 276. 319, 210 81111993, 33 alimer’naque 10,13·7.17,
Agriod0984,'2‘24 albida7'7, 74 971. 51‚988. 148, 319.
agris 58. 490. 109, 714. albis 94, 510. 107, 48. 182, 159, 656. 298, 392. 422,
14o,136. 173, 317. 440, 577. 422. 509 539. 440, 81. 451, 359
100' a111060, 511. 88881. 444, alio 964, 937'. 349, 57'
agrisque 910, 547 189 aliorum’ 457, 494
agro 98, 606. 950,799. 391, Albuta 415, 398 alios 210, 578. 229, 23.
281 album 413, 291. 438, 46 242, 568. 257, 68. 989,
23‘153225367422⁷ 0931 63³}- 763, 81131ᾎὲ 60 5²41. 72, 83’9. 354, {gg} 302990, 142. 291, 167.
159, 655. 193, 122. 197, Alcandrumque 374, 258 alipedi 139, 756
235. 202, 362. 204, 415’ Alce-83, 917 alipedis 393. :319
209, 534. 213, 653. 217, Alcidamas909‚ 369 alipedum 41, 48
771. 232, 281. 250, 781. Alcide 958. 110 aliqua 116, 337. 124, 536.
277, 642. 301, 477. 313, Alcides 255, 13. 256, 51. 176, 589. 377, 393. 389,
> 35.’ 314, 85.’ 315. 98. 263,217. ’,319 913 656. 548, 300' ·
386, 571. 397, 865. 415, Alcinoi424, 565 8110080193, 121

342. 417, 397. 418‚492 11181111οὸ104, 1. 114. 271 aliquando55‚ 391

*1*

