612 ’ INDEX

vestros 99, 636, 149. 179713111111997, 161 victoris 223, 57. 288, 102

156, 560. 375, 287.2142,vias 79, 898. 75, 12. 134, victricemqu’e 257. 421
142 780. 168, 159. 997, 167. victrices ¹132, 740. 468, 754
vestrum84, 320. 376, 314 410, 438. 450, 544 vuctnma 290, 151
vestrumque 147, 395. 961. 7131111110 47, 906 vnctnx 123,510.172,284. Χ
187 viator 96, 493 331, 553
vetant 174.3-18 vibrabant 98, 598 vict1119, 312 ³
vetantes 174,348 vibrant 76, 34 victum 165, 384. 353, 388. “
vetare 107, 61 vibmntiau 2135, 342. 343, 79 370,172
vetat 16, 251. 26489. 297, vibrata 236, 374 victus 31, 619. 105, 20 125.
362. 473,85‘2 vibs· amque 59, 308 . 565. 954, 4. 312,11.

veteremque 199, 286. 900, vicen· 108, 79. 112, 218. 547, 181 ln's. 364, 20

333. 491,495 184, 631. ⁶256, 36. 374, vide 60, 551. 184, 634. 281, ι ” ”
veteres 903, 399. 207, 47·. 59-1. 353, 381 746. 357, 474
970, 490, 302³, 499. 418. vicmathQ, 3. 5. 351, 304 videam 947, 710. 469, 771
334. 494, 589. 448, 289. vims 106, 40. 111, 191. videamus 431, 751
45-,1 424 239, 474. ⁴316, 161. 404, videant 0271, 439
veteris 901, 353. 208, 497. 36- 446, 938. 453, ⁴109 videar195,1'73. 403,13
967, 324. 985, 98. 304, v1013'78 349 videat 92, 430
553. 416,144 437,11 vicibus 330. 502 videbam ⁹98, 610. 397, 870
veterum 308, 694. 380, 100. vicimus 117, 356. 180, 513. videbar 213⁹, 645. 219, 843.
470, 781 300, 443. 345, 120 256, 56. 267, 343 ’
veteru'quue 386 570 vicma 30, 573, 917, 770. videbat 158, 61⁹5
.vetetve 329‚49:›· = 25⁶2, 849'. 425, 599. 431, wdt batur 165, 105
vetitae ‘276⁴ 576 748 vldebis 213, 648
vetitis 300, 435 vicinaque 59, 507. 417, videbit 970, 406 ,
vetito46, 179. 997, 353. 308, 407 videbitur 973, 505
695 vicini 108, 98 videbor 408,’149. 450,777
vet1t0mm442138 vicinia 66, 688. 107, 59. 198, videnda307‚ 650. 408, 152.
vetitos 259,12'4 636. 230, 295 · 412, 244
vetitum 145, >73 327, 464 vicino 397’ 878 vitiendim, 56. 434. 835
vetitus 2753, 501 vicinos 947, 790 videndo 70,780. 179, 478.
vetor 65, 657 viduum 916, 137 190, 34
vetuere 107, 61. 246, 688 - vicisse 160, 663. 494, 571 videndum 37, ’771
νετυ1163,639 vicit341, 3’0 videns 298, 385. 411, 211.

vetus23, 417. 67, 707. 76, victa 11, 149. 91, 378. 98, 473, 850
28. 161, 69. 173, 396. 544. 46, 185. 149, 370. viden’tw, 354. 93, 428. 61,
198“ 979. 917, 699. 318, 169, 25. 209, 597. 916, 561. 2⁹10, 565 246, 680. ’
198. 355, 444. 440, 96. 748. 960, 164' 969, 401. 997, 351. 391, 714

447, 265 277, 614 304, 5 7.Ο 342, viden'tem 2²0, 694
vetusque 245,6.58 . 3‘2. 389, 663. 439, 779. videntur 90, 344. 39,11.
vetustae128.642 443‚17:3.45:3‚ 413 118‚379.119‚402. 136,
yetustaffisubst. 99, 400. 94, vista 25, 454- 25. 175, 379. 315,115.
445. 206‚446 317, 18⁴2. victaa 146, 301, 310.160‚ 5³31,537. 390, 689
429‚69.5. 446, 2231 664 video 99,446.113,997.
νεῒιιεῒίς 180,591 victam 165, 91 189, 20. 344,114
vetusto 53⁶4, 360 vicimum 986, 45 v1de0q11e92, 446. 292,197.
vetustos 948, 712 vien 78 95. 305, 599 “ 366(1 73. 383, 495
zexan? 327, 435 v’iciima 1 ¹4, 162. 211, 597 video'r 915, 727. 953, 881.
Vi 77‚'70.18‹›‚⁵'25. 186, 441‚1.30 360, 573 .
690, 701. 391, ε’..νῖο 345, vi<- ,50 305, 608 viderat 69, ⁵749. 125, 565. “
139 v1010q11e145‚ 285 155, 539. 313, 61. 318,

via 41, 63, 67. 44, 1⁶29. 84, w'ctm 56, 437. 78, 95. 127, 183. 345, 196. 429, 698,
997,955. 92449190, 617.144,936.194,158. 700
439.144 253.146,290. ⁰>4-0,405. 255, 7. 259, videre 41, 65. 83, 206. 85
158, 613. 174, 355. 904, 136. 308, 680. 346, 150· 247. 124, 544. 140, 146.
410. 2:36, 399. 5324, 336. 350, 290. 361, 608. 374, 192, 88. 204, 400. 248,
327, 424. 338, 747. 452, 2.›1.;>80,399. 333,48.) '732- 978,643. 341,13.

776 uictore 938, 415. 939, 486 579, 993. 396, 825. '4024,
viae 40, 38. 59, 511. 60, xictorem ⁷194, 144. 355, 564. 434, 843

549. 68, 747. 7ό,18.144, 449 viderent 61, 556

958175, 399. 950, 794. vfictoremquoTQ 56 , videres 95, 518. 125, 559.

285, 23. 4·;‚1 748 metm-es 380, 414 151, 429. 172, 296 963,

viaeqne152469 victori ,252 334 209. 316,1‘26. 322, 288.

· viam 42, 79. 45, 158. 1.5‚1 victoria 109, 798. 164, 82. .458, 527

· 423. 239 2083 341Ᾱ,5ο4.999,13.99.,5 100. 956. νίᾶετέιπ, 819. 324, 354
316, 139. 330. 515339,49.306,698.546,164.ν1(181·01ι]1·130686
799. 380, 418 . 378, 348. 419, 453 yider122‚404.331, 621. 59,

