563 INDEX

Ι304, 570. 359, 561. 404, 537. 183, 606. 259, 144.Ρο110”μ138 28, 544

50. 4.· 1, 490. 422 ,ξ’-20. 297, 347 Peneide 25, ’472

452, 376 pellibus 351, 319 Penelo pae384, 511
pedibusque 45, 158. 82, 195. pellice 31, 623. 57, 469, Ρο1101ορεςᾳιιε· 234 315

17 5, 363. 245, 656. 353, 85,258.1-.¹‚0 422. 124, Peneo ue49, 243

374 547. 209, 524. 219, 836. penetra ile 138, 67. 346,
pedibusve 24, 448 260,151 166. 3,97 8:³7
pedicis 456, 473 polluis 35, 726. 11.3, 235. penetrale 432³, 35
pedis 73, 853. 145, 264. 114, 277 penetralia 18, 287. 30, 5⁷4.
157, 592. 300, 452 pellis 66. 680. 77, 53, 64. 184, 646. 333, 593. 349,
pedum 36, 74-1. 58, 480. 302, 494 945
73, 871. 117, 313. 124, pellite 59, 530. 96, 547. 301, penetralibus 238, 458
544. 158, 616, 6.·.31 215, 486 penetrarem-37, 8
641. 217, 780. 231, 35 3. pellitis 461, 594 penetrantius, 272
259,1211.304,56;3.314,p‹›110186,690.196,201 penetrat 299, 424 <
71. 5351, :3.‹›4 385, 548. pellor4 0, 477 penetratque 50, 260- ³42,
42 ¹1, 502. 4 30, 759 ellucentes 176, 391 49
Per-v: auis ¹2:37, 319 Pelopeia) 244, 622 penetravit 346, 153. 352,
P« -.150111 34, 786 Pelopeiadesque 176, 414 336- 439. 793
Peg-as us 14), 262 Pelops 116 401, 411 Peneua 29, 569
pe, ora 30, 587. 421, 488 Pelori 465, 706 peniti‘is46‚ 179. 69,753
9010610128 Peloro 148, 351 penitusque46‚ 179
pelagi19,331. 51, 273. 61, Pelor05592, 727 ’ penna 54, 376

5 4· 1)2, 747. 134, 798. Penates 12, 174. 15, 231. penna 27,506. 119, 408.
161, 75 320, 247. 325, 37, 773. 96, 539. 141, 155 158. 605. 246, 686
39’. 398, 446. 342, 50. 154,496. 159, 650. 210, pennae 131, 729. 136, 11.

393, 735 574. 224, 91. 277, 638. 146, 294. 187, 71⁷. 417,
pelago· ’28, 185. 336, 70‘2. 3:79, 551. 474, 864 393

423, 560. 447,ι 264 Penatibus 271, 455 ’ pennaeque 17, 267
ᾃο1ῑ1*ι)[1110120,423.342,62 penatigero 4›5 450 ps'nnasslm 236» 2¹26

-1·1σι)1171(1110”2)3,360 pendat 293, 232 pennas 33) 675· 130) 677·
Pelasga 374, 268 pende 167, 136 156,5⁴18. 160, 671. 167,
Pelas} 00341, 7 pendeat 68, 733. 520, 233 123. 186,703. 187, 713.
P‹1as·.1as 190, 49 pendebant 160, 676. 185, 228,189. 229,205. 230,

Pelasgi 193113. 341, 19 668. 0289,113. 990, 138 933? 322, 292. 389.673-
361, 612. 364, 13. 369, pendebat 4, 12. 13, 186. 417, 389. 421, 500. 5140,

128 203,579. 222,12. 2026, 99. 452,384
Pelasgos 386, 572. 455,452. 115 pennatis 201, 350
423, 562 pendens 68,726. 117, 363. 1101161525, 466. 28, 540. 35,
Pelates 140, 124- “ 119, 395. 234, 320 263, 722. 60, 536. 548. 69,
Pelea 3 5, 379. 326, 407. 219 581. 72, 8:35. 106, 4⁷.
473, 856 pendent 73, 854. 294,765. 129, 665. 134, 789. 156,
Ρειειί 322, 284. 321, 349 317,159 560'· 165, 96· 1⁷12 2⁵⁸·
bis pendentem 167,135. 324, εἰ alibi
Peleus 207, 477. 236, 380. 341 pennisque 45, 159. 134, 785.
319, ’.17 320, 238, 244. pendentemque 359, 566 197, 234. 229, 212
321, 260, 266. 321, 350. pendentes 329, 475 pensa 104, 10. 384, 511
326, 398. 347, 193. 353, pendenti 301, 475 pensaque 139, 94
366. 370, 155 pendentia 109, 127.. 245, 648 pensandum379, 372
’ Peleusque ’.·322, 290. 369, 248, 722. 252, 855. 395, pensas 413, 270
151 810 16561371, 192
Pelia199, 304. 200, 322 pendentiaque 171. 232 enthea 96. 561. 101, 706,
Pellaeae 34⁴3 ,74 pendentibus 116, 331. 338, 712. 105, 22. 120, 429
Peli'aeq ¹¹e199, 298 746 Pentheus 94, 514. 95, 532.
Pelia. q836 ὀ, 109 pendentis 211, 580 97,577.101,692
Peliden 361,605 pendere 26, 497. 185, 667. Peparethos 207, 470
Pelides 361, 619 250, 805. 445. 231 pep pendit 10, 120. 138, 68.
Pelio 11.1.·'»5 pendere 129, 670. 231, 263 140,127
Pelion 169, 224. 201, 352. penderet 127, 617 pepercit 19, 311. 422, 531
358, 513 pen let 111, 179. 324, 351. peper1384, 516
Pell iis 146. 302 350, 270. ⁹433, 809 peperi. se 63, 609. 155, 541.
P llaens 349, 254 pendulaquenss, 117 3; 3, 518. 338, 762. 415,
pellant461, 588 penduntque 305⁹, 599 334
pelle, rer-b. 72, 838. 190, 48. pene 24, 443 peperitffi, 417. 223, 49
307, 659 Peneae 197, 230 pep ulere463, 651
pelle, ’sumn 104, 6. 176,390. Pene'ia 24, 452. 27, 504, per 9,102.13,188.’18,
353⁹. 381 525 285. 21, 368. et alibi quam

pellex 59, 508, 530. 130, Peneiaque :348⁵ 209 plur.

