VOCABULORUM. 567
ntiuntur 43, 86 patrumque 467, 799 peccare 971, 457

atmqne 177,417 · patruo 994, 5:38. 149, 379 peccasse 916, 753. 316, 184
patre 84, 993. 994, 79. 999, 386, 596 ρεοεᾶνρτο 29¹3, 931
409. 388, 649 patruoque 393, 398, 351, peccavimus 31⁹6, 1:32
patrem 3), 613. 41, 49. 96, 597 1111001133, 680. 51, 988
558. 154, 516.' ’192, 96. patuere 69, 768 pecoris 969, 384. ’317, 160.
910, 590. 955, 95. 996, patuisse 101, 699 390, 948. 413, 988
3.. 6. :,34-1 30 380, 417. patuisset 408, 133 pecorum 391, 976. 394, 763
387, 624 patuit 57, 4252). 159, 654 pecorumque 917, 769
pafremque190,51. 3:322,561 379, 383, 399 pectebant 191, 454
patu-cs 55.391. 107, 6‘1.patuit'que 154, 499 pectendos 393, 738
191,160. 905, 431. 463, 111111ι11111,106 pectine 116, 311. 163, 58
6⁹45 patulas 197, 245 266, 999. 354, 409
patresque 457, 486 patulis 101, 686. 919, 699 Pectls 394, 765
patuae‚665.179,484. 901, 946, 675. 431, 759 pectora 35, 796. 43, 93. 53,
3:37. 970 704 patulo 458 513 341. 58', 504. ³6⁶2, 5134,
'patria, sub'st. 97, 583. 154, patulos 81, 169. 175, 378. 585. 63, 605, 696. 6⁷,
494 999, 30. 313, 60 705. 70, 777. 79, 897. 73,
panna, adj. 33, 673. 906, patulosque 54, 379 866. 89, 178. 93, 481,
457. 391, 969. 538, 769. pauca ⁶214, 679. 990, 857. 489. 99, 631. et alibi ᾳιιὰπι “
36(),5δ9 ¹217, 705. 419, 308 plut.
patri-³2, subsc. 59, 393. 154, paucaque 497, 658 pectoraque 159, 435. 309,
1 493. 4:36, 7 111111013.191,97’5.491,496 496. 336, 689. 354, 398.
11111ιί81109 Ξ911, 596. 378, paveant 964, 949 491, 500
358 pai-z -flxct23537, 878 pectore 96, 495. 97, 590
patriae, snbst. 995, 109. 3⁰1, pavefactaque 463, 6²36 39,6·’17.49,85. 44,195.
“ 545. 380, 491. 385, 489. pavens 91, 3.76 180, 597 53, 339. 54, 374. 69, 604.
460,579 pavent 1‘2'3, 506. 246, 681. 64, 641. 69, 754. 78. 90.
patriae, adj. 999, 911. 971, 458, 514 79, 195. 134, 803. et alibi
419. 393, 3141 paven’tque 956, 48 qu 11η plur
patriaeque, subst. 908, 493. paventem* 914, 89 pectoribus 171, 943
996, 130. 940, 498 paventes 15, 398 pectonibusque ⁹458, 519. 464,
patriam, subst. 97, 581 159, paventum 418, 419 673
6502. 173, 311. 995, 114. pavere 917, ⁷65 pector1s101708. 9744534
977, 639, 638. 340, 6. 080, pavet 46, 169. 73, 873. 113, pectus 99, 554. 41, 66. 45,
399. 437, ²9 998.148,356.976,581.145.69,754.1’10,169.
patriamque'H, 7 389.49⁹2. 418, 412. 464, 1⁸23, 507. 1.38,70. 149,
patrias 993,·”14.959, 843. 675 367. 160, 659. 164, 79.
457,‘22.e167‚723 pavetqueei, 386. 263, 214 17⁰2, 971. 184, 641. et
1131111184, 648. 9.07 480 pavida 41, 66 alibi
patuis 971 445. 490, 476 pavidae 159, 438 pectusque 53, 354. 71,798.
1111111ἰεῖ0939,ωὸ amdam 414 996 196, 579. 353, 369. 389, .
patrio 50, 588. 43, 99 179, pavidamque 186, 706 459
499. ι263, 910. 341,11. pavido 91,386.174, 397. pecudes 15, 235. 939, 296.
416, 368. 453, 409. ⁹455, 21⁴². 630⁷ 996, 397. 333, 600. 394,
433 . pavidus 78, 99. 976, 579 “ 781. 440, 84
patrioque 8⁷, 311 pavit 114, 963. 176, ’395 pecudesque 18, 986. 83, 914

apati-ios 11, 148. 37, 773. paulatim' 79, 897. 79, 113. pecudis 900, 316. 461, 580
40. 91. 43‚94. 115, 993. 912 490. 196, 580. 171, pecudumque 456, 458
114, 936.958,103.398,999.998,199.ι41,594.11εο113 91,1(-)9. 396, 821,
- 452 968, 353. 0272, 460. 418, 82²4. 411,116

patu‘osque 37,779. 179, 475. 43⁶2. 446,936 pede 57. 457. 108, 100.
994, 91. ⁶²97, 341 paulatimque 73, 866. 431, 159, 651. 193, 113. 937,

patris 96, 485. 63. 744. 757. 445, 993 495. 252, 869. 256, 44,
181, 555. 184, 659. 189, paul& 337, 717 307, 653. 349, 954

14. 908, 496. 995, 115.1111111ῦ111 51, 977. 78, 91. 946, pedem 109, 134. 159, 634.
229‚199. 210, 49'8. 297, 673. 25‹'3‚42. 369,195 195,183. 9ο7,468. 339,
347. 301, 469. 319, 223. paulumque 99, 446, 951, 776, 461, 586

457, 489 810. ⁶285, 39 pedes 53348. 69, 586. 79,
patrisque 393, 751 pavone 365, 802 114. 199, 666. 158, 615.
patrium 69, 599. 96, 548. pavonibuseo. 539, 538 331, ²⁵³2 966,319. 967,

111 ⁹⁴· ²³⁰ {28:3838.. 111-738913
pagiumque 391, 271. 437, ,11ἱ111111ἓ1ᾳ11170 {842 678 pe¹ 5968011317, 363. 159, 2.
patruelibus 191, 462. 365, pauperis 396, 894 pedlbus 28, 584. 88, 671.

41 111111999,19399,997.331, 81, 168. 83, 919. 131,

νεα-11011390, 359. 370, 157 694 711. 180, 516. 259. 196.

