VOCABULORUM. ¹ 538
464. 300, 450 350, 27⁷. ignotis 10‚131.115,294. 142,199.164,74.193‚

351, 296. 387, 601. 419, 298,119 128. 240 507, ‘272 474
444. 464, 674 ignotissima 155. 510 309, 7 6. 327, 427. 381,
ignoa5, 26. 450, 841. bis ignoto 279, 669. 337, 720. 550. 348, ι,ι)5 383 484
ignem 178, 466. 193, 108. 416, 366 410, 204. 418, 415. 4⁴27,
271, 519. 2⁷3, 616.301,18ιέ0165 76, 25. 193,155. 644. 431.768.4-13‚178
582³. 350, 5280. 450, 348 361, 600. 400, 914 imas2‘28, 293
ignoe 52, :313- 55, 396, 410. ignotosque 416 ,5366 η imbelle 139, 114.
. 68, 729.108. 81.113,i1=notum81,175 imbellemque 367, 98
246. 119, 406. 128, 6911. ifex 11,8 94’ imbenibns358,109

130, 675. 133, 75).1:39,iiia 77, 67. 83, 216. 109, imber 145, 282
106. 150, 389. 179, 492. 119. 237, 413'. 352, 340. imbre 164, 63. 242, 549.

, 189, 9. 193, 115. 212, 355, 441. 457, 486 398, 389
613. 224, 76. 228, 180. 111116αέ371,196 imbrem 145, 281
2:34, 339 938, 4612· 940, Iliaden290', 160. 434, 824 imbres 52, 310. 145, 985.
512. 264. 250- ⁶274, 515.11iades540,7 263, 220. 330, 516. 420,
281, 747. ⁶288, 795 284, ilice 9,*112. 911, 586. 2⁶30, 471
7. 294, 253. 305, 641. 237. 278, 664 315, 109 imbreus 351, 310
819, 225. 3-27, 4:36. 3⁹28, ilicis 453, 306 imbri 115. 282
’ 452. 446, 248. 451, 355. Ilion 165, 95. 380, 408. 383, imbribus 78, 89. 124, 526
464, 665. 467, 730 505. 490, 467 imbriferos 392, 725
ignescere 473, 847 Ilioneus 171, 261 imbris 171, 234
ignesque 121,11. 422, 531 illac 117, 366. 120, 455. 228, imbutam 9⁹60. 153
igneus 166,113. &4540 186 imbutum 114, 252
igni 6, 53. 15, 229. 93, 490. inaesas 257, 489 imi 12 ¹,0 144
200, 326. 298,.)96 387,11166665357,4119 imisc'5,655. 69,761. 174,
606. 395, 802 ί11616301,4’73 343. 176, 397. 238, 458,
ignibus 16, 254. 21, 374. illatum 183, 609 269, 202. 45o,316. 459,

37, 778. ⁹42, 84. 48. 220. illic 4,15. 65418294. 448

50, 251. 52, 313. 63, 62 O. 33, 674. 39, 5. 42, 76. 52, imitabere 292, 206

73, 849. 111, 194. 119, 315. 59, 516. 115, 298. imitamina 120, 445. 444,
⁴403. 123‚509.195,193.129‚670.153‚477 200 ,

205, 427. 211, ’61Ο. 224, inmiti 9, 221 imitamine 331, 6⁰26
77, 240, 501 514, 517. illimis 91,107 imitante 39, 2. 374,252
261, 234. 290⁵. 154. 3:30, illinc 31,'618. 108, 71. 317, imitantes 146, 299
520, 523. 341, 12. 348, 152 imitantia 333, 613. 395,
” 215. 350,261. 386, 583,111111)113111265,283 818
590. 416, 375, 412 ,795 illuc 30,577. 53,357. 117, imitata 267, 340. 272, 480.
ignifero 11, 69 . 542.1ε1,4-17.127,622.468106
ignigenamque 104, 12 422, 1(“. 251, 811. 298, 111utat1q1e 283, 782
ignipedum 55, 392⁹ 376. 3:09, 720’ imitatur? 13,1 638
ignis 23, 432. 51, 280, 295. inudens 100, 650. 257, 66 imitatu 5248, 736. 422, 5¹21
5437855402.τί,810.111051η 41, 50 imitiei 11112 29, 195
107, 64. 119 28⁴5. 216, illuxisse 205, 431 immaduisse 12, 158
752. 229, 205. 239, 477. Iius 338, 756 immaduit 176, 396

248, 737. 251, 837. 328, 1111850, 265. 70, 771. 124, immane. 160, 678
445. 3805 408. 423, 5-11. 525. 147, 321. 151,421.1111ω1111οπι 349, 260. 410,
424, 574. 42¹9, 712. 4-46, 198, 278. 239, 335. 286, 182

213,250 47. 332, 557. 355, 440. immanemque ¹221 422
2834&ss 1⁵8⁰ ³13²¹ ⁵¹²² ...898ιῖᾚᾷ ⁴5¹5³12¹s⁹1³5 ¹⁹⁴ {3334333333 1⁵3² 35⁷, 501
ἥψω-«1115337319 > imagine 8, 87. 14, 213. immanibus ¹264, 2474³
ignorant 82, 642. 120, 538 36, 754. 40,37 . 71, 804. immanis 943, '78:3- ..708
ignorantia 192, 92 90, 385. 91, 415. 117, inmansuetique 412, ‘249
ignorat 32,642.1·26, 31. 349. 130, 676. 143, 2-29. immansuetumque 140, 85

274,5‘25 165,103.166,110.167‚nnmans1mtnsq1w 113 ‚237
ignoro 214, 681 ⁷ 122. 173, 305. 182, 585. immedicabile 13 190. 292,
ignoscas 252, 861 195, 181. 202, 360. 213, 189
ἰρςηοεαιτδη, 189 649. 225, 96, 122. 251, immemor 217, 766. 291,
1300862279, 678 824. 279, 685- 281, 738.171. 308, 6812. 409, 173.

· ignoscere 192, 85. 243, 600. 334, 627. 368, 110. 372, 441. 122

389, 664· 216. 375, 273. 385, 546. immemoies 241, 535. 243.
ignosciteffae, 491. 304, 2580 391, 714. 396, 810. 405, 581
ignota 95.530.115, 80. 414, 3:23. 4:31, 758. immen1onesquee381‚554

214, 672. 412, 250 460, 566 inmun a 18, 309. 244, 618.

ignotae47‚ wa imagiiiis92‚ 434 391, 768
ἰςιῑοῐὴεδβὸ. 228,188. 229. imago 15, 239. 40, 17. 88, immensaque 251,ssOE
331. 93, 463. 112, 202.11111110113140.35. 45⁵,435

