574 - INDEX

223, 41. 390, 685. 461, 1105111155, 419 postis 140, 193

598 pomum 414, 315 postmodo 340, 5
portasque 189, 597. 461, 583 posituro 93, 471 postponere 170, 211 ι ,
portasse 174, :338 positus 91, 490. 137, 57. postquam 4.,94. 9,113. -14,
portat 301, 470. 459, 385 . 496, 6⁴21 ’ ⁴205. 17, 276. et alibi qudm
portendntuf 460, 571 . posse 55, 389. 58, 483. 61, plur. ·
ροτῑςηῐιῖρηεᾳῃυ 404, 55 646, 651. 99, 453. 100, postulat 69, 751.· 379, 915.
p0r13s9-2. 449. 342,45 678. 114, 273.1.56, 558. 876. 295 -
portltot· 287, 73 170, 198. 173, 307. 184, posussre 19, 174. 94, 506.
porto 68, 744. 943, 598 660. et alibi 171, 946. 197, 937. 238,
portubus 399, 474. 391, 710 possederat 68, 739. 140, 130.. 459. 949, 579. 316, 119
portus 98. 596. 99, 634. 151, 144. s139 posuerunt 151, 408

408. 178, 445. 194, 158. posse-ht 5, 51. 90, 355 posuisse 152,439 . ¹

999,5. 319, 931. 391,711. possem 91, 363. 93, 467. posuisset 291, 119. 437,9

411. 939. 465, 690 148, 344· 189, 18. 909, postusu 360, 587
portusque 908, 499 519. 993, 59. 974, 511. posuistis 96, :339
poscat-87⁶2, 919. 386, 594 997, 338. 306, 635. 595, posuit 33, 675. 79130. 151,
posce 43, 97 805 . 579. 166, 116. 989, 198.
poscebat 65, 677 possemque 459, 538 459, 549. - 465, 693. 467,
poscebatur 10, 138 possent 46, 161. 115, 991. 797 ,
poscentem 367, 87 139, 108. 974, 538. 381, posuitque 86, 975. 499,709
poscenti 117, 334. ⁶203, 376 437. 406, 94. 457, 496 potae v450, 334
posceret 2¹:¹3. 54 posses 43, 93. 65, 678. 119, potat 39, 634
poscet 379, 387 400. 199, 85. 934, 393. potens 87, 999. 193, 510.

poscimur 45, 144. 147‚333 239, 468. 965, 988. 304, 906, 460. 223, 56. 266,
poscgmus 947, 708. 985, 37 56¹2. 832, 570. 458, 529. 315. 364, 92. 384, 509.
poscts 43, 99. 184, 655 469,619 494574 -
poscit 143, 913. 197, 948. posset& 77. 31, 696. 59,poten1e 937, 409 .
951, 8:31. 971, 493. 319, 309. 89, 345. 361, 369. potentem 146, 703. 177, 496.
214. 331,549. 414, 998 98, 610. 101, 693. 274, 994, 80. 964, 951· 305,

posclth 461, 609 539. 978, 656. 999, 496. 603. 385. 563- 455.⁴146
poscitur 114, 975. 319, 919 307 661. et alibi potentes 1⁶2, 173. 244, 614
posco 194, 534. 173,-:300. possideat 998187 potenti 33, 671. 315, 111.
207‚483 posmdet 130, 690. 191, 59. 399, 308 ,
poscor217,776 · 998, 187 potentia 97, 599. 50, 959. ’
poscunt 189, 7. 306, 638. possm] 360, 594. 389, 679. 56, 416. 59, 590. 88, 398.
376, 390 396, 893. 404, 34 120, 4⁶27. 149, 366, 373.
poscuntque 959, 841 possimne 409, 173 168, 153. 900, 330. 244,
posita 46, 173. 99, 648. 394, possint 111, 177. 118, 379. 618. 304, 573. 399, 285.

783. 437, 99 969, 903. 396, 834. 456, et alibi

posit& 56, 391. 57, 469. 75, 459 ⁷ potentibus 107, 49
1. 113, 933. 199, 989. ροεειε73. 855. 99, 436. 113, potentior 116, 395. 185, 678.
935, 366. 965, 966. 304, 949. 135, 6. 159, 437. 176, 989, 757. 997, 340. 399,

558. 433, 806 390. 361, 690. 389, 661. 491. 497, 657
positaque 98, 553 396, 835. 499, 697 potentes 949, 745- 997, 5³2
posit'ae -10, 96 possa 94, 445. 56, 434. 75, poteram 158, 611. 965, 290. ’
positaeque 43,109. 5273,503. 6. 8128& 167, 1:210. 169, 968, 860. 278, 487. 976,

439, 59 195. 177, 421. 183, 6⁹40. 603. 305, 614. 355, 446.
positamque 69, 754 185, 663. 960, 150. et ahin 373, 948
positarum 917, 773 possum 97, 591. 14:2⁹, 995. poteramus 917, 779
positas 45, 149. 157, 40 979, 476. 977, 697. 400, poterant 259, 194. 974, 534. ·-
positasque 178, 457. 974,524 956 976, 608. 348, 295 -
positi 985, 17. 991, 168. 385, possumus 95, 458. 456, 458 po'teras 33, 679. 65, 678. 80,

543. 399, 909 possunt 193, 116. 195, 167. 131. 110, 153. 113, 943.
positique 388, 638 910, 558. 939, 997. 969, 948, 735. 2573, 488. 403,

positis 127, 606. 238, 461. 287. 457, 496. 470. '781 30
241, 6‘27. 2178, 649. 985, post 10, 1⁶25. 21‚383. 99,poterat31‚621. 56,437. 57,
19. 313, 46. 346,147. 348, 399. 37, 776.eta12·1›i plur. 451. 114, 957. 189, 11.
211. 427,655 poste 140, 197. 998, 379 906, 441. 208, 491. 92²3,
positisque 36, 799. 335, 659 postera 108, 81. 199, 100. 47. 951, 833. 399, 469.
posito 109, 1⁶28. 198, 26⁰2. 219, 840. 301, 471. 464, 3:32, 582. 334, 631. et alibi

241, 5:57. 304, 578. 445, 965 poteratque 89, 359. 348, 204'
209 ⁷ postes 69, ¹767. 199, 486. poteremur 369, 130
positoque 19, 330. 159, 637. 911, 609. 315, 115 poterentur 497, 641 ,
174, 346. 910, 567. 995, Ρο3111110969,409 poteris 89, 193. 110, 153.
233 posu 139, 190 440, 95 - ⁸
positos 95, 477 postnbus 99, 569. 315, 114. potexisna 274, 513 bzs

’ positosque 37,778 ¹ 482709. ,4610 691

