490 lNDEX

Αιιιοιιεϊυεεε, 198 Bactrius 140, 135 belloque 322, 294. 360, 592.
Αιιιοιιοὲ 102, 720 baculi 88, 325. 394, ¹782 421, 483
autumnalia 247, 665. 395, baculisque 247, 693 bellua 130.689. 131, 728.
815 baculo 162, 27. 229, 218. 136, 18. 324, 366. 39⁹9, 917
autumno 102, 729 427, 655 belluin 11, 1'42. 13,186.
autumnos 9, 117. 88, 327. baculum 66, 681 143, 219. 165, 92.177,
178, 439 baculumque 70, 789. 463, 422. 206, 459. 208, 488.
autuu’mum 258,92 655 222, 19. 223, 44, 47. 340,
autumnus40, 29. 445,209 balaenarumque 39, 9 5. 351, 307. 419, 450.
3711180384, 5⁹10 balatum 200, 320 433, 803,
avulsumqu'e 102, 777 8013105200, 319. 209, 540 801104, 9. 10, 132. 41, 47. .
avumque 322 736 , baleaiica 68, 727 55, 393. 72, 846. 75, 14.
avus 96, 564. 169, 175, 176. balistavc 330, 509 80, 141. 217, 774. 220,
268, 356. 280, 708. 305, balteus 262, 189 854. et alibi qudmp ἔην.
606 baiba 17, 266. 129, 657. benefacta 374, 270. 473, 85⁰
auxerat 25οω 807 199, 288. 335, 656. 334, benignior 374, 2346
auxerunt 146, 301 39'7. 397, 850 Berecynthia 312,⁴
auxiliare 191,138 ban-ib· 20, 339. 352, 351 B<1ecy11thius31f3,1os
auxiliaria 115’‚ 333 barbaque 187, '715 P 0100 86, 278
auxiliaribus ’17, 275. 177, barbae 354, 39’5. 463, 656 Bianoris 352, 345
424 ba· bam 35⁷0, 270. 394, 766. bibas 352, 322
auxiliaris 280, 698 400, 960. 410, 201 bibat 268, 377
auxilii 388 64'8 barba'ra 177,42’3.191,53.811)(8ῑ11111’·447,281
auxilium, 90. 366, 71 194 141. 198, 276. 409, bibenda 396, 829
auxilioque 283, 780 163 bibendo 210, 569
auxilium 71, 368, 130 693 banbare 180, 533 . bibisset 450, '331
142 173 192 90 208, barbarica 182, ,576 bibit 91, 416. 152, 451.
503’ 507 377 375 43) barbaricoque 317, 162 277, 61'4
787’ 467, 630 463, 649 barbariem 47.. ), 829 bi ¹bula 398, 901.
auxiliumque 62, 530. 132, barbarus 159, 657. 180, 51) bibulaeque 426, 632
737. 420, 461 424, 574 bibulaque 132, 744
axe 41, 59. 112, 214 Baucida 247, 715 bibulas 162 ,9. 416, 368
axem 51 797 59, 516 Baucide 247, 705 bibulis 132, Ξ730
axes45 '143 128⁷, 634. Baucis 945, 6⁹31. 247,·714 bibuntui 450, 334·
axis 15' 255 42, 75, 43, Baucisque )46, 682 hice 5162, 9. 416,368
107. ’52,317 beatam 2⁶24, ‘79’ bico 01· 246, 664. 288, 98
beati 116, 322. 218, 797 bicoloribus 320, 234
Β. beatos 331, 539 bicorni 245, 64’7. 338, 763.
beatum 30, 589 448, 304
Babxlonia 106, 44. 108, 99 Re} ates 349, 255 biden'tes 293, 227
Β6851011111549, 248 · Beiides 121. 463. 286, 44 ‚bifidosq 110 414, 303
bacca246, 664⁷ bolla 96, 5η. 147, 319. 196, biformis 65,664. 118, 387.
baccaquc 232, 295 {12- 213, 658. 211, 669. 227, 156. 259, 121. 356,
baccae 289,116 .>„46 58. 756, ’,2, 269, 456
811003ωο111) 389, 653 404. 312,14. -322, 298.b¹fulcum355‚442
baccarum 267 :341 329, 491. 354, 418. 356, biju gum 105, ’⁶24 ·
Bacchae 105, 25. 277, 641 476. 362, 621. 387, 613. btinaoem 204, 405 ·
Baccl1aeque314‚ 81 389, 66). 402, 529. 424, bimari 151, 407.177, 419,
bacchantum 101, 703. 198, 572. 43), 776 420
258 bellaque 46’9, 773 bimatr'em 104, 12
3266110123, 523. 182, 59511611316159101 bimembies 349, 240. 3517,
389 699 bel} ator 451, 368 494. 447, 283⁷
Baccfie131017 bem 69, 765. 135, 8. 138, bina 32, 626. 355,432. 415,
Baccheia 101, 691 91. ,210 311, 21. 344
Bacchi 88, 317. 119, 416. 372, 206, 213, 217. 443, binas 197, 240
123, 523. 133, 765. 182, 160 810011111115425, 609
587. 183, 598. 197, 246. bellica 69, 752. 132, 754. bipennem 249⁹, 766
206,450.360,578.441‚13,7 46 , bipenni 361, 611
114, bellicus 101, 704 bipennifer 236, 391
Bac-:hia 95, 518 belliger 95, ’534 bipenniferumq'ue 105, 22
Baccho 91„ 421. 314, 85. 80111ξ110347, 185. 376, 316 bipennis 138, 79
Βαεείιιῗιξ119ὲ74ἷ733ἒ1ἱ1ὀ4, 2 ggii? 'flii'silzfflfw ’211119 462. bigqgffl 1238513863512111332
Bacchumque 104, 11 224, 68. 349, 244. 353, plur.

Bacchus 97, 572. 99, 629, 364. 360, 58’4. 361, 613. bisque 158, 624. 240, 504.
630. 144, 273. 179, 488. 378, 361. 380, 403. 414, 354, 412. 388, 642- 412,
316, 134 321. 424, 567. 45⁷, 484 253

baccis164,81. 288,ae Bellona 141,155 , 111111111011278,659

