coo INDEX ’
364, 8. 367, 88. 421, taetus 111,180. 230, 224. tangebamw, 606

479’ 309, 73⁸2, tan gendo, 3157107
sustinuit 266, 400. 3,3, 322. ῐιὶῡῑυείιμε 2²28, 184. 300, 434 tangentia 467, ⁷22
386, 584 tacuiS6, 7 ³8 tan genuaque 28, 538
sustulit 51, 275. 59, 506. lacult 116, 3⁴26. 134, 790. tangere 93, 478. 152, 459.
· 77, 60. 157, 571. 246, 218, 799. 244, 611 168,173. 329, 498
663. 328, 4623 349, 23, , toeda⁷116,326 ta11rreretA2‘3 36. 226,149
260. 369,126 taedae 107, 60. 931, 7- ‘1- tangeris 401, 96.) 428, 667
susurra 219, 8A5 182, 76¹3? 472, 826' tan?= cs 114, 251
s11s=1rr1342‚61 taedxs 6‚483. 133, 7 08. tanget249’ 756 473, 859
Sybarin438‚. 31 “ 4⁴. 8, 677 tan-1321‚644. 92,463’. 269,
Sybillae 1 6, 712 taedasque 52, 658. 37, 763. 387. 305, 614 .
Syenites 138, 74 236, 460 ta11git51,2›93. 59, 527. 71,
· sylva 396, 82² ²²2 t'aedla 210, 57¹2. 277, 615. 799. 117, 359. 128, 639.
sylvaque 397, 872 301. 48⁸3· 506, 6225. 372, 143, 213. 164, 67- 178,
sylvarum 176, :392 213. 4³13&ss 446. 93⁹2, 279. 271, 424. ’
sylvas& 4 415, 338 taems 90, 373 300, 466. 322, 308. 423,
s 1v55393 760 'facum-15·- 285.13 558
Symaethide :393 750 'ranarideszsm 183 tango: 305, 614
Symplegadas 454), ‘3:33 Tzrnanus 4.), 217 tangunt 175, 379
s)ringa34, 691. 35, 705 Tagen ¹60, 5’58 ' tanquam 54, 360. 84, 241,
Sy ron 371, 175 Tagus 50, 251 100, 650. 125, 566.153’,
Syrtis 225, 120 ta1a1ia 68, 736. 305, 591 471, 179, 471. 216, 758.
talanibus 129,667.1.›A,730 295, 269· 337, 720. 381,
T· tale 61, 566. 71, 812. 238, 437. 385, 545

, . 440. 272, 478. 990, 143. tanta 7, 60. 33, 668. 68,
ΤΑΒΕ 7Ο,784. 71,807. 77, 347, 202. 382, 461. 397, 731. 80, 133. 86, 271. 88,
49. 259, 230. 261, 175. 873. 41 1,127. 461, 606 328. 1¹27, 612. 149, 373.

412, 156 talem 87, 295 216, 755. 192, 97. 224,
tab-nae 248, 744. 275, 570. taxes 195, 171. 213, 650. 88. 227,168

276, 603 268, 370. 276, 583. 301, tantaque 150, 400. 156, 362.
tabellas 274, 522. 975, 574 483. 464, 657 162, 24- 184, 652. 210,

. tabellfls ²76, 586. 4A9, 707 tali 146‚307. 311, 1 572. 597, 876 .

tabent A09‚ :311 tuba 14,200. 16. 2)0. 34, tantae 240, 507. 362, 625.
tabue12212230‚227 , s 700. 35, 715. 37, 776 413, 289. 436, 1
tabuerint 451, 363 55394. 62, 595. 65, 665. tantaeque207, 47²5. 209, 525.
tabuerit 92, 445 95, 526. 108, 78. 143, 4 ›2‚ 633
tabuit 114, 259. 418, 432 203. 174, 330. 181, 563. Tautafie 121, 458
tab111a302‚516 183, 619. 207, 481. {A- -4, Tantalides 362, 626
tabularia 4⁹71, 810 81. 236, 396. 244, 616 Tantalis 170, 211 .
tabulas 327, 418 247, 703 255, 27. 269, Tantalus 168, 172 171,240.
taceam359.55.›. 371,177 402. 274, 528. 275, 563. 286, 41
tacebitu1.302‚5oA Δ 286, 40. et passim tanti36, 761. 56, 424. 65,
tac00114‚2›75 tali bus 13, 181. 24, 441. 659. 132, 757. 175, 386.
tacet-323, 3 ’6 70, 783. 86‚287.102,189‚16.199,294.·214‚
tacetve 341, 27 732.107,54.161,1. 163, 691. 256, 49. 296, 310
tacita 151, 4¹ 7. 266, 300 36. 170, 205. 176, 401. tantique 154‚498.159,65'7
tacitae 27νῖ 473 -181, 549. 213, 661. 248, tantis 43, 96 53, 334. 113,
tacitaque 1813, 623. 4329 7 ’ὀ- ⁶250,787.;3-A1‚283. 249.1:31,701'. 136‚14.
1201133142,191 3- ’,8 444. 060, 535. 373, 388, 6⁶26. 440, 91 ·

meite 170, 203. 194, 147. 2283 389, 675. 393, 739. tanto 6, 53. 1582OE- 18,
216, 748. 358, 538. 125, 403, 26. 421, 494. 433, 288 ‘A5,- 465. 6⁷, 724.

601 807 69, 753. 1427192. 158,
tacitorum 432, 778 talis 61, 562. 223, 49. 234, 60⁷2. 186, 694. 212, 614.
tacitos 82241. 107,50 322. 249, 770. 302, 517 224, ⁵74. 242, 569. 249,
taciturna 224, 84 tal'ffique 86, 285. 431, '767 749
tacitus 318, 189 tait·251,2308 tantoque 76, 44. 427, 657.
tactas. 167, 140 taloque 117, 313 436, 2
tactaeque-162, 105 . 'ran21'1·s49‚‘24··.› tantorum332, 573. 361, 608
tactas 102,729 tandem 36, 735, 748. 48, tantos-33, 661. 48, 228. 322,
tactis 118, 386. 294, 257. 222. 70, '79'- 154, 518. 289. 421, 479

449314 182, 596. 189, 5. 203, tantummodo 33‚675. 116,
tacto 13⁶A‚751. 454, 415 391. 216, 745. 241, 541. 748. 258, 106. 348, 85.. ,- ·
tactosq=1e115.286 21), 774. 252, 816 454, 4⁶24
tactu 3 e, 308. 3326521311μῆ 191, 61. 336, 707 tantumne 271, 428

453, 412 ωηᾶωηᾳιιο zA9'7‚ 313 tantumque 265, 265. 327,

tactuque 132. 745. 382, 466 tangat 189, 26. 327, 430 425

, tactumque 165, 106 tange 126,584 tantus 86, 285.115, 278

