VOCABULORUM.

Armeniaeve 625, 121 292, 189. 320, 242, 451,
Armenta 27,151’3. 66, 692. 360. 457,484. 462, 629

· 97, 585. 1’8, 63. 252, artesque 145, 271. 191, 58.
W. “..56, -.18 821, 276 195,195

armentaque 176, 395. 440, arti 162,18

34 artibus 133, 771. 281, 743
armenti 53, 882. 303, 541. articulos 25Ὀ, 807

324, 318 artificem 183, 615. 334, 634.
armentis 210, 546. 242, 554 385, 551
armento487, 14 artific’es445, 218
armentorum'141, 165 artificis 317, 469 ,
armentum 72, ’842. 325, artificum 354, 398

372 artis 33, 678. 162, 6. 227,
armet 420, 464 ” 159 S’S, 314. ⁹334, 641.
ῃπιι1308, 700 3⁷5, 290
annitens: 420, 475 artisq'ue 99, 645
arm3feros 278, 644 artus 15, 22⁹8. 28, 548. 53,

armiger 140, 1'48. 3553, 363 336. '63‚6‘10.'7'6‚ 40. 81,
armigerae 81, 166. 138, 619 164. 106, 26. ’45‚ 113.
armigerumque 452, 386 247,115. 286,116. 310,

487

Asopidos 212, 616

aspectasse 485, 844

1914ἓὶ, Ξὲἒῐ ²:32⁷, 33⁰³ ⁷⁰¹

aspera 27,51Ο. 164, 76.
gg, 556. 293, 222. 329,

918881391991351ἶ9799ῗ999
108. 329, 498. 432, 719,δᾶ

as pergit 187, 40

asper3or 395, 803

asperitas 282 751. 422, 526

aspexere 160. 672

aspexerit 318, 186 ’

aspeximus 212, 621

aspexisse 131, 783. 411, 227.
4⁸25. 591

aspexit 93, 486. 230, 233.
405, 11. 418, 4⁴26. 445,

armis 24, 441. 25, 455. 73, 119. 407, 139. 96, etalibi 232. 460, 554

854. 177, 424. 185, 677. qudm plur.
206, 458. 220, 870. 223, artusque 245, 654
59. 236, 394. 233, 313. arva 31, 598. 65, 679. 70,

etfaibi quam plur. 791. ³76, 19. 81, 152. 97,
armisque 70, 773 584, 129, 669. 174, 339.
armisve 262, 201 203, 384. 232, 283. 234,

armo84, 288. 131,719. 171, 530. 248,584. 289,109.
229. 351, 302 293, 229. 312, 33. 319,

armorum141‚ 154. 389, 657 210. 348, 209. 416, 348.

armos 232, 2'8'7. 287, ⁹419. 420, 459. 422, 511, 513.
289, 112. 858, 377. 351, 438, 52

396. 357, 491 arvaque 153, 479. 402, 2
arquato 33² 590 arvis 19, 313. 75, 10. 146.
-arrectisque 458, 516 302. 212, 638. 218, 784.
arreptamque 181, 552 227, 162. 243, 584. 318,
arre tum 125, 55⁹8 196. 447, 276. 449, 315.

‘arri es92, 459 460, 554

arripit 131, 64. 286, 59. 379, arund’lne 25, 471. 35, 707.
” 386 149, 381. 175, 384. 229,

arripite 118, 224 217. 231, 337. 254, 3.
ars 97, 588. 294, 952. 331, 258, 100. 303, 58. 6. 317,

587 151. 323, . 505’. ι199, 928’
auserunt 186. 708. 350, 275 425, 578. 42 7, 651
arsisses 240, 501 arundinibus 31, ⁹684. 318,
arsit 49, 248, bis. ,309. 190. 394, 784

203, 391-- 2:23, 50. 255, 3156811ιί52»ῃῦοό
355. 240, 511. - 290, arundo 163, 55. 236, 382.
156 398, 891

arsuris 375, 274 arvo ι49553.108,8’7. 131,
arsuro 431,747 711. 153, 1¹29. 307, 647.
arsuros 6:1,6=20 315,1:3?

arsurusque 49, 245 arvum 192, 101. 441, 125.
arte21U38035w709 66, 4551451

686. 81, 158 111, 183. Asbolus 83, 218

146, 310⁹. 162, 8. 195, Ascalaphus 155, 5:39
v 176. 199, 305. 294, 217, Ascani1425, 609

252. 5⁶10, 235, 236- 32³9, Ascaniumque 188 627 ’

494. 377, 323. 415, 837 ascendere.. ⁰ 2 ,17
artem 81, 15⁹8. 97, 588. 222, ascendit 196, 220

2.9 291,181 aselli 317179 ,
3116327, 524. ὦ, 618. 64, asello 106, 27

638. 65, 659. 120, 445. Asiae 383, 484

168, 152'.194, 188. 210, Asida 1: »9, 618

562. 228, 188. 229, 215. Aside 271, 447

230, 234. 252, 860. 256, Asopiades 208,484

62. 257, 66. 280, 718. Asopida 166, 113 ι

aspice43, 92. 51, 283. 142.
190. 191, 70. 353, 383.
469, 765

aspicerent 162. 14

aSP3ceres· 210, 578

aspiceret 56, 485

asp3c3am409, 168

aspicias 386,591. 414, 323

aspic3ens 122, 466

asp3c3o 213, 651. 218, 796

aspicis 338, 753. 366, 588.
444, 200

aspici't40‚ 32. 48, 228. 56.
443. 64, 642. 67, 714.
89, 356. 97,577. 119,
420. 162, 34⁷. 171, 248.
203, 384. 214, 672. 227,
164. 249, 767. 305, 610.
314, 80. 338, 769. 384,
522, 536. 404, 61

aspicite 374, 264

aspiciunt3 5, 395. 566, 70

Assaracus 338, 756

3556115616 264, 259. 425,

assons‘nbus 16, 245. 244,

assensit 91, 406

assensu 206, 450

assere 25, 462. 36, 761

assidua 41, 70

assi‹iuae1.¹'1,463 351, 298

assiduis7‚ 66. 170, 219

assiduo 395, 792. 443.
179

ass3tluoque 58, 486

assilientis 165,107

assiluit 330, 526

assimulare 135, 6

assimulat 199, 298

assonat 94, 507

assuerant 234‚335

assuerat 323, 314

assueta 962, 603. 251, 822.

assuetam 45⁷,484

