VOCABULORUM.
punam 192,483.186,705 Panchaeaq ue 301, 478

aquam ne 419, 969 Ρ8116118Α18 996, 309
ssanamqffls 970,190.444,191 1188118100, 674
Pallantidos 465, 700 ande 130’, 680

Panas 61. 553. 78, 109. 106, andion 177, 496. 179, 495
38. 1:37,46. 147, 336. 16-2, pandum 183, 676
96.164. 70. 167, 199. 135, Pan lione 178, 436. 184, 634.
931, 955 185. 666 .

’ 8118081119..8.465 Pandi ιιι-,η 454, 430
8116116 451, 556 panuh-2- 9.5, 971
pallent 71, 824 pand-te 193, 513. 462, 622

ρ8116η18111180,599.336,691 pando 106, 27. 309, 713.
pallentemque 958, 111. 367, 4-11, 112. 453, 397

74- 811 los 498. 660
pauenti155, 537 nn moso 68, 738
pa11e1111a201‚.·r15.f³16.145 Pmdnosos 61, 559
palles112,2‹).·3. 976, 580 Panomphaeo 318, 198
pauc-seme ’4,9 759 ‘nnopouzque 933, 319

μ811611.16,901 Pmt nentrum 100, 669
pann-1 430, 7 34 Panmofdes 443,1'61
ρ ..ludu {ne 46Ι, 6⁶. 7 Paphius 295, 990
pullulus 963, 215 Paphon 995, 297. 303, 530

pauor 70.775. 114, 967. ρ8ρν1·11611468,753
190. 436. 950, 801. 397, par 185. 680. 209 514. 980,

418. 4·,-1- 578 717. 300, 441. 354, 41δῖ
pallorque 199,·187. 199, 290. 361, 619. 393, 7 8 3²6,

950, 7, 0 898. 414,3Ι4. 444196
118117116431, 755 pat-abant 77,46.199,189.
palluerat 366, 589 916, 685

palluit 46,180. 193, 136. parabantur 389, 667
31.5,110. 417, 407. 469, parabat 13, 183. 79, 115.
764- 149.189. 181. 553. 2¹59,

palmae 163, 50. 174, 335. 1:36. 993, ¹2¹9. :302,496.

988,1οΙ. 45“,396 31‹›,12·3.3„1‚5 383. 345,

palmas 69,585. 175, 363. 145. 437,84
180, 5523. 909, 513. 2.5‘;'.Pa1aetonium 989, 779
849. 261, 175. 315, 116. pamm 417, 409
380, 411 patante 958,119

palmis 32, 646. 53, 311. 93 ,parantem 56, 439. 199, 479.
481.1(16,99.1ι7,3.·.Ι.1.57, 459. 2:³..5 363. 263,
194, 545. 1:39, 103. 153, 916. 309, 711. 313, 58
4731 946, 674. 956, 35. parantes 19⁹3, 139. 312, 32

309, 793 paranti 491, 477

palmi’te 119, 397. 939, 994. parantut 101, 698

498, 663. 466, 710 parares 379, 994 ·
palpi1at 381, ,560 pararet 53, 350. 373, 246
palude 175, 371. 947, 696. 1511187163, 619. 411,913. 469,

466, 717 762

paludem 394, 364. 451, 358 ρ818715 356, 473
paludes 23. 418. 36, 7.37 parfis 471, 608
395. 375 ρ818866η1 .,-1.1 11
palndnbns 19, 394. 174,345. parat 15, 9Ι5. 61, 576· 196.
447. 269 5881469813. 183,623.
paludosa 447, 968 906, 456. 390, 940. 396,

palus 41. 46. 394, 363 413. ...5.5, 439. 461, 770.

palustres 3.,5 706. 934, 336 456, 463

palustri 245, 630 paratam 377

palustnbus 944, 625. 824, paratae 998, 384
alusirisulnffi ,12398 Ξῗξξῗῑξιῖιὸεέἐ, 8288

Y‘amphagus 83. 210 pamnor 158. 603

pampinea> 288,100 paraus 99, 633. 111, 183.

pampineis 100, 667 , 389, 468. 414, 311
32211393193379’7153· 42⁶2, 823}ss 5ξὲἓί, 75ἕὲ 178, 451
,515 paratur 456, 469

Pana 317, 17.1 paratus 178, 454
Panaque 35, 705. 316, 147 paravi 256, 34. 273, 507

,5δό

Parcarum 155, 532

parce 44, 197. 54, 361, 369.
999, 41'2. 303, 515

parcere 981, 797. 341, 95

parcite 144, 948. 179, 264-
439, 75. 443,174

parcumque 913’, 656

parebunt 461, 582

’ parem 245, 662. 218, 790

parens 22, 393. 105, 15. 118,
387.169,199.1’70,906.
179, 482. 205, 420. 290,
148. 383, 484. 384, 518
386, 584. 4¹·,3 546

parensque 3Γ1, 542

parent 104. 9. 947, 693

parentali 387, 619

panente 36,7,59.180,595.
939, 475. 944, 696. 252,
847. 970, 407. 971, 443.
299, 499. 369, 147

parenten130,.578. 179, 292·
179,481.199,30.5.919,
617. 2⁶24, 85. 970, 407·
296, 314. 433, 807

parentes 97,,583.110,155, .
164.131,7()5.178,433.
273, 499. 995, 300. 3:38,
¹744. 3⁹9ss 880

parenti 36, 719. 40, 34. 45,
1.·59. 58, 496. 71, 813113,
936. 15.5,468. 195, 168.
904, 404. 92 5, 101. 244,
6⁹. 3. 233, 874. 273. 487,

488, 397, 332. 425, 596.
4:58, 48

parentibus 381, 449

parentas 91, 383'. 37, 764. 40,
90. 6:,3 ’699- 75,.7 144,
937. 1⁹80, 534. >901, 335,
346. 261, 183. 300, 451.
3()9,514. 371,187. 467,
119. 494, 585. 467, ¹722.
471,720

parentum97, 580. 208. 503.

, ⁴336, 321. 430, 764. 451

parentur 469, 765

parere 44, 1 6

pares 2353, 308. 966, 994.
pag-{g 16, 249 78, 104 434,

paretque 939, 479
paretur 168, '162
pari 79, 199. 291,175

, panias 979, 675

ambus 67, 708

871(1111340,4
par1ebat388.635
pauentem 966 322
pauentibus 965, 783
pauentis 309, 507
parws 107, 66. 108, 73
1187111199, 305. 242, 568
paulique 1:33, 478. 919, 687.
Ρὲιῗῗμὲὲιό, 6043& 3⁷⁹2, 209

