’ VOCABULORUM. 591

semin-ainis 107, 58 sensurum 963, ‘228 sequentis 218. 788. 465, 691.
' semivir 118, 386 sensurus 375, 287 sequerer 20, 562

semper 99, 258, 565. 3¹2, 5911811590, 631. 302, 499 3901101910336, 695. 403, 28

633. 69, 761. 80, 135. et ς( 11151 ’,υ «1ᾳὶ1( εεηιιν retur ⁶276, 588
’ atimplur. sentent ia 16, 213. 88, 322.8θ(111ξὲῖ111“209,518

semperque 116, 301. 95. ., 163, 41. 90, 67. 974, =011u198 609. 219,812. 999,
812 44·.,1.8.441·,197 516. ¹:76, 587. 279, 681915

sena 355, 4²9 · . 317, 17). 327, 439. 438, sequimur 275, 554

senatum 461, 590 43, 47. 463, 648 Sequitur 28. 53⁰· 32, 643.

seuitiis 463, '641- 473, 843 sentes 37, 509 58, 498. 61, 576. 90, 371,

senem& 199, 299. 265, 266. sentiit 123, 499. 252, 858. 372. 95, 527. 123, 515.
408,148 360,595 185, 666. 247, 711. 257,

seneciae 893 347.179, 500. sentim 85.‘218. 427, 632 83. 268, 358. 271, 449.
-197, 237.’ 1946, 679. 971, sentis-ont 166, 557 et alibi
436. 4—15, 227 sentiri 274538 sequiturque 32,643. 121,

senectam 188, 9. 201, 337 sentirique 245, 652 461

senectus 196, 215. 298,396. sentis ⁰297, :346 sequor 189, 21>
347, 186. 38⁴, 517. 408, sentit ‘29 551. 31, 604. 48, sequuntur 102, ⁷¹6· 105,25,
143 230. 58, 488. 107, 68. 120, 234. 532. 323, 326. 310,

senem59, 510. 198, 261 442. 1‘25, 555. 126, 577. 6. 441, 183

seneifiq11e356.464. '44›, 210 195,116. 239, 4 2. 240, 8611115. 219

senes 95, 5:38. 248, 722. 275, 516. ..52 ,862 sent·¹ ⁶214. 6‘29. 429, 710
550. 307, 646 sentite ,)59,’ 489 seiam 463, 651

senesque )41, 525 sentitur 395, 811 seraque 63, 617

senex 30, 580. 49, 943. 66, separatw, 313. 76,45. 92, serasque 459, 384
688. 106, 26. 201, 400. 448 sereno 12. 168. 52, 321

· - 247, 701. 319, 221. 338, sepes-26, 493. 196,186 sen· 271, 48 4
757. 347,178. 361, 607. sepibus 9:31, 258 5808010110 442, 152

. 4402, 773 seposui. se 88, 319 senes 365, 29 '

senile’mm, 117 seposuit 149, '5381 serieque 1, 5, 564

seniles 197, 250. 229, 210. septem 50, ,55, 256. 59, senor-474, 868
941, 593 593. 88, 396. 149, 188. Seriphi 144 242

sen1119117478.194,163 etalibi Seriphon 144, ⁴251 207, 464

senilis 445, 212 septem ue 7, 64 ' seris 163, 29 “

§enim-59, 645. 66, 702. 247, sepum ua 468, 753 “ serisque 167,158 ψ
715 3’,ι7 157, 335, 646 septemfluus 23, 492 seniis 108,105. 112, 198.
338, 749. 317, 182. 359, septemplice 142187 28533
540. 445, 229. 457, 485. εερῐειῃρῐίοἰεδῶ, 2 serf> 63,ω612
473, 838 septenis 66, 689 seroque 119, 415

= nenioi’ibus 437‚10.456,470 septima 169,192 ’ serosque 459,ss84 -

senis 94,515. 188,4. 199, septimus 119,¹21:3 sermo 178, 448. 308, 679
286. 360, 578. 380, 409 8015111011111198239, 480 sermone 14, 908. 31. 683.

senserat 57, 466. 66, 687. sepulchris 190‚435. 196, 86, 279. 89, 364. 106, 31.
319, 225. 338, 741 206. 28514. 381,4Q.‘3 270, 418. 3,17 174. 346,

ιεηεέἷε46 167 sepu1c111052'3‚3=·'..‚.215618. 159,165. 408,121

senserit 100, 651. 337, 739 230, 234. 275, 562. 336, sermonibus 167,147.-213‚

nenserun1343, 71. 394, 785, 705. 452⁴, 389 661. 214, 679. 245, 651.
786 sepulchrum 381,4<17. 453, 312, 56

nensi93,463. 157, 597 2²20, 405 serpens 24, 439. 46, 173.
863. 244, 607. 400, 945. sepu1tfi 451, 370 76, 38. 77, 6?- 78, 98.
413, 282 sepulti 930, 235. 383,503 117, 362. 166, 11-1. 257,

neneissus 313, 43 sep ulto 387, 615 69. 265, 266. 980, 693.

sensim73,870.114,254 sequantui· 323, 647 334, 639. 341, 17. 467,

sensimusssoe, 504 sequar 19‚1 56. 240, 511. 737

sensisse 57, 459. -215, 727. 444145 sei-pente‘zz, 454. 464, 670
251, 81⁶2. 389, 656 sequatu=111,1sso. ο72291 serpentem 78, 98 .

sensisset338, 759 sequendi 27. 507 serpentibus 201, 350

sensistis 107, 68 sequendo 273, 648 . serpentigenis 196, 912

sensit 57,4-1’6. 60,545. 63, sequens 78, 91. 345, 1:34. serpentis ¹24,4-17. 64, 651.
620.89,365.165,119 416, 364 78, 93. 911515. 278,617.
bis. 120. 183, 601. 184, sequente 107, 51. 444, 197 3.;,1 59. 341, *23
630. ⁸264, 242⁹. 265, 273. sequentem 4’ 519 serpentum 70. 7⁷2 88. 325.
266, 308. 295,277, 293. et sequentes 3169276112. 219534. 250,798
alib’i 217. 774 - serpae 71,826. 341,13

sensitque 814, 74. 882454 sequentim, 190. 252, 8528111111 2‘69. 3³89

sensu 35⁴ 3215' 404, 35 serpunt 100,⁶05.1‘.‘6,600 1

sensum 410, 1⁷8 sequentia 87, 299 311. ‘2- serm )30, ⁰246

'emutatffistoe - 413,265 serta (1οζ 28. 101, 7. 248,

