onem-2368, 108. 466, 240

ouen-osium, 53. 279, 675

onerosus 956,54

01111116, 47. 212, 695. 267,
339. 3111,.181. 302, 506,
512. 313⁹, 89. 350, 289.
358, 517. 362, 626. 387,
625. 408,149. 430, 738.
471, 820

onusque 66,681. 124, 530
155, 523

0111101192488. 985, 90. 286,
51. 321, 277. 394, 777.
408, 192 ·

opacae 51, 274

opac'as 184, 637. 936,
304, 567. 333, 607

opaci 154, 507

011663,617. 99,633.100,
663. 144, 240. 186, 700.
190, 39. 196, 199. 901,
354.· 2(27,172. 259,125.
267, 339. 459, 535

opem 21, 380. 98, 545. 32,
648.59,305. 66,700.109,
719. 130,696. 136, 93.
143,213. 158, 618. 209,
597. 998, 177'. 931, 969,
270. 289, 774. 331, 549.
Ξὲ9, 671. 398, 880. 438,

opemque 69, 676. 268, 359.
975, 545. 980, 698. 998,
395. 3ί 6‚399

opera 145, 969. 370,171

operata ⁴216, 746

ορὲξὶιω, 82. 951, 815. 294,

ορ4ἳῇ110113ή165,103.236, 393

01101110 190, 425. 309, 496

01101111 160, 679

0116115 24, 445. 79,1 29

operisque. 994, 249. 213, 34

operosa 16, 258

operosa* 403, 92

opertis 318, 189

opertos 158, 612

011011010820, 233

operum 25, 469. 80. 147.
104,5. 347, 18⁴?- 370, 159

opes 10.14o. 97,590.169,
181. 259, 844. 316,128,
199. 318, 201.. 381, 434.
407, 117. 482, 778

0 esque 319, 209’
pheltes 98, 605

Ophias 203, 383 -

Ophionides'349, 245 -

opibus 9288, 626, 424, 588-

ο1111)11’3911079,“795. 177, 426
(5ρίἰῖῃὲ 497
3Εέἒέῗέ ³0⁶, 64³,- ..5,

376.

Ι

· optatae 339, 786

ῃ 502

VOCABULORUM.· 563 -

oportuit 215, ’734 ’
opperiuntur 258, 96
0111111111 9, 97. 448, 295

orabam 916, ⁷5³

orac 'la 19, 321

oracula 29, 392. 96. 491. 75,
oppidaque 148, 355 8 389, 677. 442, 145
opportuna 9), 443. 304, 555 oramus 68, 747

oppo. ita 117, 349 orandus 186, 701
01111031015191, 179. 431, 768 oram 131, 704. 950, 779Ι
oppositumque 414, 47 orantem 175, 361. 987, 79
0111105111 256, 34. 367, 75 orantemque 370, 179

0111103011 353, 386 oranti 194, 539. ι..,86 47
opposuitque 51, 976 omre 36, 733

oppres sit 350, 2⁹84 oms 98, 597. 159, 649. 165,
oppressumque 358, 533 ’ 101 284st 2. 331, 546
oppr1mene81‘296. 141,150 40), 77

01111101111336, 758 orasse35, 704

opprobn. n .n 997, 153 01111 299, 405. 396, 399. 417,
oppugnant 256, 41 405

oppugnate331‚’ 551 -orator 37 ,196

oravfinel 6, 413 .
enuit 37, 764. 4‘29. ‘74
Orba 7,79. 170, POO· 173,

0111343,103

optabat 332, 581

optabile 289, 758

optandi315, 100

optant 391, 708

optare 109,115

optanem 408, 139

0111311306, 699

optaris 43,100

,0111113 ⁷6, 488 41, 56 495,
05

6111653687, 997

optastis 15⁹6, 559

opta1316, 128. 360,ὥὸ

optata 17.,5 370. 347,199

301. ’371, 195. 386,595

orbae16.247

orbam 325, 380

011101311118406, 88

0103101383, 500

orbatura 55, 391

orbe 4, 6. 30, 599. 57,4.).
75,6.’117,.Ξ<18.198,698.
154, 489. 174, 333. 295.
98. 965, 2⁷7. 981,’ζ40.
3⁹24, ⁶* 053. 542, 39. ·
97. 404,53. «12ᾃὸ80. 443,
177. 474, 869

o1bem5,31.8,94.13,18⁷.
19, 324. 35,727. 37, 770. ·
39, 7. 48, 227. 50, ‘254
53, 335, 344. 54, 382⁹. 59,
514. 67, 715. et alibi

. orbes 76, 41. 162,19. 256,

optet 111, 187. 298, 364 64. 959, 123. 467, 790

optetis 247, 705 orb109 7. 64,642. 996305

optima 919, 844 307, 645. oribs5, 35. 14, 903. 20, 348.
365, 40. 425, 604 440, 91 36,74ο.153.463.189,22.

191, 59 225, 100. 251,

optatis315, 104. ⁴108, 136
optato 316,136
-opoetos45, 148
optavit 116, 316. 234, 325
op tem86, 980
optes408, 135

optime 219, 627. 424, 589

opto 45,14'1. 206, 512. 995, 808’ 286, 49. 291, 167.
275 397, 843. 455, 435 ·

opus 17. 279. 39, 5. 55, orbum 165, 98. 388, 647
4-11. ’70, 785. 81, 151, 153. orbus 95, 518. 239, 487
96, 615. 109, 798. 106, 39. Orchamus 112, 219
111, 175, 178. 118, 390. Onchomenon 158, 607
10 29, 476. 136, 675. 139, Orchomenosque 177, 416
112. et alibi plur. Ort-1407, 116 -

op pusque 48, 111. 205, 436. ordine43 109. 46‚168.

»ἰ

ao,

341¹,112 34.117,33.’).17“2,977.
ora 8, 93. 13, 181, 1¹7,2131. 209, 5⁹20. 213,650 228,
20, 339. ⁶26, 484. 28,538‚ 189. 236, 389. 249, 747.
552· 44, 122. 51, 283, ⁶284. 254, 5· 271, 437. 51596.
52, 3⁶24. 53, 355. 58, 481- 33 38, 755. 348. ‘211- 899,
63, 6‘202. 75, 861. 78, 9⁶2. 932. 413, “’66. 420, 473.

87. 295. 90, 393. et alibi 4437. 73‘3
quamplur.01dinibus 3‘2 ³8, 462

ora ue 72, 831. 89, 187. 109, oudo 43, 108. 446, 949
1.144,248.159,446.ιοι·ε’,1386..32637..42,85
1⁷2, 294. 183, 604- 230, 48, 210. 70, 775. 77, 76.
229· 951,825’.295,291.80,147.92,452. 108,1ο4.
324, 342. 335, 494491,109,106.122,475.-181,

⁷29-140b133.143,206.'

