VOCABULORUM. 593

silvarum 81, 163. 358, 523 simulavimus 376, 299 siste 154, 490. 215, 716. 434,
silvas 29, 57⁹2- 55, 408⁹. .›8, s3mu1avit 86, 275’ ⁸ 835. 457, 493

499. 78, 90. 9.),44 .95, 51111115 2.·,3 415. 145, 979. 5151131111· 2.·18, 209

522. 208,103.119,411. 365, 4) 1617), 914· 51511433, 803

199, 658. 181, 547. 182, 511111111’115161,4. 456, 461 1315111081, 153

594.184,637.eta1i11i sinat 106, 41. 1951, 174. 372, 51511101· 246, 669. 441,139
silvasque 18, 30240161. 919 - sito 196 200

919, 84 sinceia 1·.‘3, 191. 206, 453 sist aque 279, 692
5111181011, 974 sinceiae .)4’6, 664 515110111111 282, 777
silvestre 66, 681 sinferumqu‘e 344, 100,ο sistrum 283, 783
511νο5111395,815 ·· sine 4, 20. 8, 87, . 20 8155111110 565,3
εἰὶνεεῑῐίδιιε366, 47 358. 21, 374. et alibi qucim· Si yphon 122, ⁰466. 364. 26
8111115615, 686. 83, 205. 90, plur. sit 14, 210. 9'14, 15. 2⁴23, 16.

388, 3'93. 101, 708. 193, sinebam 919, 819 6)47, 248. 21, 380. et alibi

513. 133, 778. 160, 674. sinebatw, 89 quom plur.

178,453.180‚591·181‚sineoes 108, 74 sitque 37, 772

546. 943, 584. εἰ alibi sino-ula 276,007. 315,1ο7 sitm 177, 420
silvisque 210, 547. 509, 711 si. ·1Ξ111111110111 110134 Sa ti mmm 182, 588

324, 366 5111- vilibus 180, 509 Sithonios 386, 571
Silvius 126, 610 sinis 306, 410 Sithonis 907, 466
sim 97, 509. 43 88. 86, 971. sinistrae, 45. 1. 39, 733. 141, sitiemus ¹289, 760

116, ⁹328. etalihi 169. 208, 500. 35¹2,- 347. sitientes 413, 277 ·
sim ue 60, 551 654, 419. 463 655 'sitim 91,415. 108, 98. 152,
simi ie 189,13 sinistrae 66, 681. 343, 89 446.174‚341,354. 175,
similem 198, 954. 337, 734 sinisti-isam, 18 366. 449, 399
similemque’35, 708 511115110 176405.182,59231111110116316,156 >
similes 26, 499. 232, 285. 207, 471. 274, 517. 560, 51115 91, 415. 210, 569

395, 813. 396, 835. 400, 372 sitisque 394, 768

935. 445, 231. 449, 316. sinistrum 3553, 362 , situs 52, 327. 199, 303

456, 466. 47:2¹, 838 sinit 32, 630. 43, 89. 90, situsque 199, 290
similesque 178, 4’54. 406, 94 377.’131,119.168,167.szve 8, 78, 80. 77, 46, 47.
simili 174, 3⁹28. 916, 754 3:39, 566. 351‘, 991.469‚100,678.et alibi

ι 272, 479 776 sunam’ndis 40, 94
simius 58, 501. 100, 650. 51111115 96, 510 ‘ Sminthea 360, 585
146, 989. 154, 510. 180, 5111126, 480. 62, 597. 138, sobolemque 16, 951
Ι 532.183,6“.)2. 200,3)8. 64.147,Ρ11.1.είαιὶὺι” socer 11, 445. 1'41, 152. 934,
259,467.295,276.297,51111011ε1212,620 315. 327, 4:31
355. 302, 508. 308, 692 smu 123,516. 174, 338, 359. socexque 186, 700. 282, 75¹6
387, 607 301, 558. 3,81 450. 416, socen 80,139. 1413, 998.
similisque46‚ 166. 81, 940- 3:20. 473, 848 179, 447. 192, 96. 195,
918, 790. 323, 334. 381, sinuantur 73, 875. 101, 689. 176- 225, 11. 319, 219.
x'492 1. ³6, 580. 4⁶21, 501 420, 46⁰2. 494, 570. 433,
simillima 22, 406. 585, 540 5111111’;11115 3,31 553 802 ·
511111111111115 397, 417. 36’5, 39. sinuatoque 250, 381 · . socero 169, 176. 178, 443
444, 201 ἢ sinuatur 76, 4) socerum 255, 14.) 397, 855.
Simo'sss 377, 324 sinuatus 404, 51 416, 375
simplex 155,5.3.3. 171,254.51111111ν13161222, 30 socerumque 59, 526. 332,
319. 441, 121 sunuav120664’ 561 «
simplicitas 150, 4'00 , · Sinuessa 46⁹6, 715 sociae 31, 620
simul 15,9:30. 18, 286. 36, sinumque 150, :393 socialia 4’17, 380
7 9. 40,19.εεα1ώ1φιὰητ511111111 119, 4-’10.155; 534. socialis 218, 805
phur 234, 327. 250, 786. ³26, sociam ,195268
simulac 46,167.199,285 408. 387, 624 sociamque940, 521
simulacra 47, 194. 9²2, 439. sinuosa 138, 68 , soc3antem 311, 5
143, 211. 201, 358. 295, sinus 18, 28-’1- 53,335. 123, sociare 306, 63'5
2805108694 497. 196, 596. 158, 608. socias 379, 375
511111115011111 ue 100, 668. 407, 219, 819. 422, 513. 438, sociasque ⁹104, 3
112. 464, 658 52. 465, 689. 2167, 721 sociati 241, 546
simulamina 309, 727 sinusque 17, 267 soc119‘37490. 378, 2⁴26
simulantis 65, 668 Sipylumque 168,149 sociis 77' 51. 98, 611. 236,
simulasse 376, 999 Sipylus 171, 931 386. 377, 3. 8. 381, 449-
5111111181 169, 96. 164,80. 189, siq puidem 988, 104. 319, 219 388, 631. 405, '71- 4101
596. 393, 310 9110015156555 193
simulatque 117, 338 Sir( num 406, 88 soc·‹›119,378. 866, 67- 873,
simulatas-⁴305, 596 sis 156,573. 167,137. 184, 2411400949
simulati 94, 253 “ 634. 907, 483.αοιίῠί sociorum 98, 605. 410,
simulatorem nese—&63⁴ sistant 194, ’1⁵4 ‘2-06

simulaverat 1,158 ςοσίοεεὸ, 259. 8867& 872,

