VOCABULORUM. 573

156, 551. 268, 372. 290, ponar 61,564 populabile 264, 262

154. 296, 30:3- 420, 469 ponat 55, 391. 265, 276· 2⁷9, populandus 1ο, 2⁴9
poenamque 88, 358. 250, 779 682 populante 52, 319
poenaeque 182, 586. 437, 29 pondeffl ¹48, 354· . 271, 437· P‘Jl’fflffl’e :31:3, 54
poenarumque 239, 481 308, 677. 368, 102. 375, popular1:”›14‚ 111
poenas 14, 209. 16, 243. 36, 286. 436, 1 populana 30. 577

735. 57μ107. 59, 521. 63, pondere 4, 20. 5, 26. 6, populans 168, 150. 208,498.
608. 72, 833. 122, 467. 52. 46.163. 78,95’. 99, 25520. 547,19ι

129, 671. 142, 200. 160, 621. 113, 243. 1:38, 81. populator 300, 593. 389,
668. 181,544. etalibi 249, 776. 256, 41. 279, 655

pren& 56,439. 348,218. 406, 681.. 291, 179. 331, 556. populi 78, 103. 192, 101.

85 stabo, 206, 451. 231, 268. 232,
poeniceam 415, 345 pondenbus 4, 13. 453. 404 298. 368, 113. 371, 191.
poeniceas 341, 104 pomims 69, 750. 205, 289 387, 612. 457, 481. 467,
poenitet 63, 612. 127, 614. pondus 4,8.20. 6, 55³. 46, 729,

143, 210. 301, 461 161. 265, 273. 273, 495. populmue 172, 267
poenituisse 447, 278 ¹ 280, 703. 291, 181. 308, populifer 30, 579 ,
ρωο111111-11,49 701. 553,.509 populis 47, 215. 169, 179,

olenta 152, 450, 454 pone 36, 756. 99, 634. 143, 209, 523
polis 4²2. 75 226. 237, 433. 280, 690. populisque 24, 439. 1155, 92.
Politen 412, 251 299, 408. 325, 390. 407, 213, 652
pollentibus 195, 199 110. 464, 6515 populo 16, 252. 79, 116. 88,
pollice 106, 34, 36. 148, 339. ponendi 291, 163 340. 121), 449. 170, 198.

162, 22. 229, 198. 238, penemque 248, 723 251, 8:33. :3 ‚4‚ 638. 390,

403. 269, 395. 290, 145. ponentem 230,236. 418, 427 695. 468756
295, ⁶285, 289. 317, 170. ponere 22, 401. 213, 642. populoque 460.572

350, 475. 393, 746 247, 694 populorum 207, 481
pollicibusque 257, 79 pon1 238, 460 populos 21, 3 ’3. 49, 236.
pollicita 200, 309 pon1t71, 804. 73, 871. 117, 54, 370. 70. 793. 129, 6539.
pollicitamque 315, 107 345. 132, 753. 147, 320. 181, 546. 186, 710. 285,
pollue 57,4f›4. 297, 353 2¹27, 160. 228. 189. 239, 14. 5:34. 645. 420,-’163 Χ
polluit 70, 794. 440, 98 474. 245, 661. 274, 524. populosque 464, 67⁸). 172,
pollutosque 141, 156 277, 633. 404, 49. 454 . ‘274 .
polo 46, 173 · 433 - populus (arbor) 157, 590.
polumque 44, 131 pountque. 231, 258 , 324, 555

· 01111151, 295 ponlte 170, 202 populus (vulgus) 337, 740.

olydaemona 138, 85 ponmu· 179, 489. 246, 664 357, 499. 382, 474. 461,
Polydecta 144, 242 penu 18, 309. 73, 872. 1:36, 606 ,

Pylydore 381,432 18. 149, 369, 370. 323, populusque 306, 638. 418,
Polydoreo 388, 629 ’ 330. 326, 39⁷. 327, 4⁶27. 418. 457. 486

Polydori 384, 536 398, 904. 419, 439. 458, porrecta 22²5, 95

Polydorus 384, 530 507 . porrectaque 5314, 83
Polymestora 385, 551 pontifici 469, 763 μοι-70119781 4, 14. 22, 646
‘Polymestoris 381, 430 ponto 18, 292. 20, 337. 51, pon-rex· 92, 458

Polypheme 394, 765 272. 124, 536. 130, 689. porrexnnus 92, 451 -
Polyphemon 394, 772. 409, 177, 422. 201, 355. 320, ponem 372767. 198, 254.
16⁷ 259, 396, 838. 398. 900 205 420. ⁴29²», 95

Polyphemonis 204, 401 pomum 100, 651. 124, 529. porrigar 1 15. 575

Polypus 118,366 144, 253. 318, 195. 330, pon-igeret 267, 343
Polyxena 381, 448. 382460 518. 339, 784. 394, 778. [1077190716 9¹2, 4515. 119, 199
poma 93, 483. 107, 51. 128, 469, 756 pom-urit «17, 197. 73, 1161.

638. 211, 586. 258, 92. pontus 4. 15. 18, 292. 20, 174, 527. 195, 557. 241,
307, 650. 395, 812. 426, 355, 361. 50. ‘263- 11²8, - 541. 407, 7-11
627. 427. 650. 428, 687. 633. 251, 830. 529, «198. porrigitur 51, 575. 119,ι108.
431, 764. 440.77 331, 548· 336, 701. 418. 801, 42¹1
pomaque 262, 190. 427, 657 291. 467, 720. 472, 831 pou-la 224, 87. 285, 13
pomona 128, 646. 427, 635 pontusque 225, 98 - portame 4:33, 797
pomi 109, 132. 307, 666, ponunt 18, 300.,57. 460. 79, portabant 6'1, 713
871 , 114. 210, 559. 421, 503 portabat 301, «181. 427, 647.
pomus 108, 89. 116, 331. poples 171, 256 431, 747
2⁵⁷, 87. 892319. 395, 794 poplne 157, 593. 195, 191. portae 211. 607. 43⁴2, 783
pomo 110, 165 235, 364. 266. 298. 3111, [101111115191157
pomoque 288, 101 μ 458. 382, 477. 445, 223 portant ι118. -119
pompa 431, 749 poplitibus 305, ⁵93 portante 280, 63
pompa 279, 686. 293, 219 poposcerat 207, 466. 374, portantes 55. 388
pompae 29. 561. 67. ⁷25 253 pon-tar(¹ 352, :346
pompam 390, 699 poposcerit 69, 759. 270, 411 portarum 224, 70
pomum 1⁵5‚536. 315, 11³, poposcit 180, 506 portas 96, 560. 120, 489.

