VOCABULORUM. 52

gelido 108, 3οὀ 133, 772. ςεὲηιε 91, 422. 297, 562 286, ,gefflllbrixque 297, 348. 299,
gelidoque 21, 37’6. 78, 110 gener 131, 701. 151, 415. genitum43,90. 142,187
gelidos 113, 247. 165, 88. 155, 526.. 179, 496. 255, genitus 36, 748. 287, 89.

171. 249. ’174, 317. 175, 19. 373, 488. 422, 511 302, 522. 321, 346

374. 299, 423 «τουσι-81412576 gens 153, 407. 293, 232.
gelidum 57,’.455 459, 550 generat11s437, 19 385, 565⁹ fl
gelidumque 191, 683. 158, generi 33, 659. 51, 589. gente 15, 226. 76, 05. 83,

608 167, 138’. 179, 494. 469, 206- 97, 576. 151, 400.
gemellum 272, 452 759’
gemelliparae 1'73, 315 generique433, 801 46:3- 434, 832
gemellos 186, 712. 323, 316 generis 16, 246. 21, 379. 36, gentem 410, 191. 460, 559
gemina 123, 514. 170, ’205. 761. 85, 259. 128, 640. gentem. que ’457, 183

286, 64 225, 123. 227, 155. 285, gentes 16, 249. 47, 215.
geminae 101, 713. 3577, 502 35. 384, 509. 469, 775. 105, 16. 169, 177.’ 271,

373, 244. 419, 450. 420, “

- geminasque 262,193
⁷ geminam 66’, 702. 384, 221.

geminam 227, 169. 239, 472 471, 814
geminaque 100, 663. fflgener'isq ue 31, 620

775 genero 11, 445. 137, 43
geminas 76, 45. 133, 774. 818.

ἓξὲξ, 54. 229, 201. 467,

generosa 252,
generosaque 5349, 234
generosi 1:33, 765
generosior 2⁴73, 490. 369,
generoso 265, 780, 382, 457
generosos466‚ '710
geminato 349, 257 generum 26, 481. 255, 12
geminaverat ⁹157, 586 genialia 399, 929
gemini 110,161. 139, 107. genialis 105, 14. 288, 95

232, 301. 236, 372. 353, genialiter 325, 95

449. 1132, ’796 ‘¹ ,’370. 84, 240.
geminique6⁷3‚ 630 ν 266, 311. ’386, 585
geminis 180538.198,260.3811111ἶ130118345,’140
“ 251, 818. 289, 116. 328, 98111565 656. 173, 305

1163 genitalia446, 239
gemino 61, 555. 166, 111. genitam 31, 615*

247, 720. 257, 72. 293, gennm185’, 666

222Ῐ 403, 6. 462, 611 geniti 271, 4⁹31. 426, 617 88,
geminos 47, 195. 174. 336. 317

236, 400. 247, 720. 890, genitis 170, 221
geminum 91. 420. 167, 126 genitor 26, 486. 27. 517.

geminat 301, 471

464, 681
geminum-³48, 220

genibus06

genitivaque 88, 331

gemit‘71,8o7. 209, 544. 40,,3840. 43,.105 51.

298394
gemitu 36, 732. 58, 486.

ν 380. ’72,836. 130, 691.
173, 323. 179. 483. 205,

325, 395. 366,48 4‘35. 211, 590. 224, 'sq’
μέἐῐαᾷῐιιξόθ, -.163 305,599. ἐξ, 528. 301, 465. 355,

gemit’umqu 8249, 758 371, 186. 397, 854. 406,
gemitus 63,621. 181, 565. 91. 433, 508. 474, 864
219, 843. 240, 513. 254, genitore 140, 145,148.
21, '26.3, 8⁰7. 266, 297. 202. 321, 271. 222, 295.
293, 215. 302, 509. 387, 323, 319, 409, 170
ῑῘ7Ο9 357, 487 genitssrexia’ffi, 544
gemitusque' 141, 154 genitoris 187, 708
mma 242, 572. t genitorque 268, 363. 474,
11101873, 856. 275. 565 862
3801111846, 109. 228,180 genitrice 141, 153
-gemmmtiaazs, 264 genitrici 382, ’471
-gemmas 294, 264
1380101901 289113 207, 474
15181111111535323. 317,167 geniti-ix 36, 757. 112, 205.
gemmisqueaeo, 704 118,384,1·54,49ο. 169,
gemuere 10, ’124 174. 183,627. 187, 711.
ς8π1111178,9’4. 299423 203, 380. 225, 120. 238,
gemunt 241 526. 888, 483 46οἶ 267, 886. 297, 332.
39¹1ae 192‚7'8. 229310’. 327, ἕξ, 162. 42³, 536. 425,

395,

441. 297, 331. 451, 421.
472, 809

gentesque 322, 299
gentibus 129, 668.
gentis 112. 209.

296,305
162, 6, 289,
3>Ο 358, 530. 365, 33.
426, 622. 466, 5. 460,
577. 403, 646

gentisque 173, 323. 178, 460.

241, 7. 406, 92

geuu'117‚340. 149, 383.

174, 346. 228,182.’ 256,
61. 266, 299. 303, 536.
352, 347'

,ις-811115 46,180. 301, 453.

324, 355,

genualia 305, 593
genuele 116 322. 296, 307
genuisse 293, 217, 221 469,

758

ς8η111121 439. 61, 570. 146.

302. 2'67, 330. 295, 297.
379, 395

genus 13,188.14,203. 17,

260. εἰ, 365. 23', 417. 46,
183. 80, 133. 89, 350.
168,15s. 177,427. 178,
459. 189, 27? 213, 656·
216, 750. 250 783 383,
504. 390, 6981 393, 740.
442,139‚153. 462387

genuumque 250, 807
359, 549. 870, 155. geras (1233, {a} 339 576
’ggiffiisolfflz 553

318, gemmis-12, 62

gele 29, 565

genebam 62, 585
gerebant 213, 655. 354, 418

gerebat ⁴10, 28.134,782.
353, 380

gerens 83, 216. 109, 135.

141,161.393,733.414,
311’ 4‘37, 645

genitricis872310. 112, 219 gerentes 212, 625
gerenti324, 335

gerere‘ 308, 489. 469‚77³
geret& 3, ’14

gens 37⁴3. '363- 394, ⁷73
genitzo,15.151,4{7.152,

-156.170,228.·223,58.
277, 614. 333, 615. 864,
15. 368,104

