σν. Α INDEX

281, 724, 742. 305, 601. 819. 256, 63. 260, 157. visceraque 410, 208
4·„’›0 46861'8. 332, 579. 374, 400. et Visceie 172, 290

virg. mea 713, 867. 98, 607. alibi visceribus 136, 18. 193,128.
’Δ 7 17 2. 590, 697 xiroque169, 179. 379, 397. 445.- 219

vinguieam 234, 323 383, (189. 384, 509 visendae 178, 441

viry, vineas 143, 274. 188, 4 vitonum 133, 768. 143, 79. visent 29, 561

virgines 297, :⁹361 173, 319. 175, 382. 191, viseret8, 94

v3r1. 1691842 ·3‚ 556 58. 216, 75). 53Δ, 553. vm 70 778

vimqnem 180, 524 361, 599. 380, 400. 393, visibus’ 439, 64

vnginco 169³, 17. 341, 28.7-10'⁷ γ visis :affl-193 67,716.102,
,384467 vilos 40,15.77,52.213, 725.168, 170

virgineos 81,16-1. 223, 39. 6⁴70. 214, 669. 270, 416. viso 58, 500. 82, 178. 181,
'321,‘At30. 370,167 304, 561. 325, 38⁶2. 5330, 554, 564.192, 86 313,

virgineo (169301,466 528. 343, 73, 391, 709. '31 >

wnmn<ur11107lst ‘2153591 397, 850. 106, 93. 420, visu 113, 232. 202, 366.

virg, riiwtzs ›06, ⁷631 464. 421, 492. 451, 356 380, 422

thmnms 67, 724. ³72, 315. virosque 18, ⁶285 visum 21, 366. 91, 428- 146.
1³9, 001 virtus 114‚‘A43.145‚A69. 3.-15 2308, 494. 209, 525·

virgmibusque. 61, 575 189, 27. ί237, 407. 306, 215, 704. 236, 386. 318,
νινζιειι). 154, (189. 156, 553. 616. 309, 707, 709. 322, 183. 387, 6²20 .
258, 101. 294, 250. 600, 299, 36-1, 21. 416, 357. visumque 116, 316

440. 1319, ‘A 28. 322, 308. 424, 581. 444 ‘205 'VlSura 179, 47⁷6
. 393 733. 39⁸5, 906 virtusque 346, 159 visuraque 27A, 460
vimifinas 160,536.4<›3‚vi11ute 131, 703. 133, 770. visui-as 263, 232
ι 1:33 - Δο4, 105. 940, 517 956, visurus 89, 347 »¹
wirginitatis 259, 871 62. 262,188,200. 352‚VIS¹¹-S 166,116. 183, 3· 213,
vnrg1576.2<9. 1:32, 748. 292, 33.) 643. 240, 513. 246, 687.
,191.·).15,800 viltutem 142, 177. 324, 3621336. 335, 673. 33⁹7,
virgo 11,149. ‘28,539. 30, 313 , 740. 393, 760. 437, 32.
589. 56, 42 6, (1-7. 57, vinnai-407, 113 458, 509
451. 61, 570. t2, 579.vi1tutis 236, 387. 370, 153. vita 201, 335. 247, 712.
73‚868.113,25‹A. 130, 381‚446 ⁶279, 671. 3⁰23, 327. 382,
683A‚691.1302 7ζ 9, 754. virum 130, 68⁶2. 198, 270. 464. 459, 534
149, 376. audi.. 207, 475 234, 327. 249, vita 85, 251. 109, 109

viri ίΔ..’, 412. 26, 479. 81, 768. 279, 670. 281, 722. vitaque 441, 119 ‘
154. 100, 670. 102, 731. 298, 364. 307, 672. 353, vitae 20, 356. 79, 124. 92,
111‚18:3. 234, 531. 236, 371. 377, 322. 379, 386. 444. 93, 469. 120, 445.

388. 269, 401. 303, 529. 469, 758 301, 482. 305, 612. 306,
3219, 495. 335, 656. et viius 71, 800. 123, 501. 260, 62 5 336, 698. 453, 395
alibi 153. 417, 403 ν1131θ409,175

virique 96, 549. 336, 688 virusque 339, 776 vitalesquew, 828

v1'1ibus98‚543. 41, 54. 51, vis5,26. 10,1‘31. 115,0287.vita1176¹3,61o. 1)6,15.137,
230.55,40‘A.113‚247.15‘⁷2‚ 457. 189‚19.A053, 62.17'4‚357.2’11,583.
1.. ’9. 673. 136, SA. 141, 875. 356, 465. 448, 299. 276, 605. 292, 202⁷. 336,
171. 178, 610. 206, 440. 449, 324 702. 384, 522. 430, '7¹75
220, 856. 2- 2, 29. et, alibi visa 27, 527. 29, 567. 36, vitamque 174, 356. 301,487
viridem 255, 32. 287, 87. 733. 85, 254. 89, 349. vitane30, 585

289137. 400, 960 94, 492. 108, 91. 123, vitant 119, 406 Ι
viri wlesss’, 12. 5'4, 371. 204, 514. 131, 713. 144, 253. vita=e145‚ 282- 353, 385

415. 341, 22. 452, 375 150, 395. 154, 505. et vitarit 109, 130
viridesque 157, 575. 278, alibi ¹ vitas et 41’3, 288

654 visa 134, 781. 143, 209. vitat ³75, 8. 163, 42 303,

’ viridi 9, 112. 18. 297· 88, 171, 23⁹2. 328, 457. 348, 541. 1’144,195

324. 94, 502. 123, 505 220’ vite 182, 592 428, 662. 441,
viridique 73, 864 visaque 69,'7⁷o. 110, 146 114
viridis 199, 280 262‚196· 282,767 419, vites 119, 396. 288, 100
vit-1⁸. em 23 ,412 336 vitiantes 202, 366
viriles 91, 403. 300, 434. visae 82, 185. 91, 416. 130, vitiantur 210, 548

382, 466 676. 408‚126. 470,'787 vitiasse134,'798
vin'li 118, 382. 384, 529 visaeque 26, 490. 398, 906 vitiataque 153, 480. 365, 39.
vni-ilia 236, 392 171531682192. 131, 713 446, 235 -
ν1τ11111118348,208 visamque 56, 443 vitiatas 77, 76. 152, 436
viris 957 529. 356, 4⁷6. 372, Vlscera 10, 138. 51, 274. vitiatus 71, 826

198. 381, 430 109, 113. 120. 424. 121, vitiato 109, 122

vinsque 177, 426. 454, 422 457. 173, 309. 176, 390. vitiaverit 5'1‚ 295

πάι-054, 373. 88, 326. 138, 184, 651. 185, 664. 210, vitibus 246, 676. 288, 100.
83. 145,284.162,11. 554.211, 601. 237, 402. 375, 800. 440, 77
178, 440. 184, 649. 251, et alibi vitiis man

