VOCABULORUM. 483
ambibotsfio, 361 amne5o, 251. 313, 51 ι Amphione 170, 221

amb3emntque 9003332 amnem 31, 702. 316, 137, Amphionis 454', 427
, ambieratque 421, 585 143. 398, 896 Amphis sia 165, 703
mbngu1190271' amnemque54, ,571 Amphissos 268⁹, :356
ambiguis 219, 826. 276,587. amnes 17,276. 20313. 30,Αο1111111116 4,14
450,333 581.50,ῑ58.196,199.Α1111111111“)1011166112
ambiguo 28, 537. 85, 253. ..13, 596. 251, 836. 400, Amphituyoniadem 259,110 ”
227, 163 951. 425, 591 Amph11s1197229
ambig uum 37, 765 39, 9. amnes ue 195,197 Amphrisossso, 580
320, 236 amnica aeque 288, 96 amplectens 165, 100
ambiguus 115, 280. 335, amnis3o, 575. 78, 89. 158, amplecu 87, 291. 117, 351
667. 369,129 623- 159, 637. 176, 400. amplectique 276, 605
ambit 53, 355. 58, 499. 242, 569. 244, 611. 248, amplectiumu 414, 305
158, 624. 352, 328 727. 254, ¹2. 258, 106, amplectitur 179, 481. 186,
ambit’ae5‚ 37. 448, 287 116. 450, 229. 467, 739 707. 251, 818. 814', 63.
ambitiosa375, 289 amo 191, 66. 428, 677 ’ 321, 264. 335, 675. 339,
ambo )2,;,·96.107,62 111 Amoenae 415,3:30 777. 357, 486
184. 130, 692 918 797’ amomi453, :394 amplexa 149, 364. 191, 67.
236, 373, 374 239 487. amomo 296, 307 244, 609. 268, 361. 337,
247, 693.’ 314, 64 338 amor 10, 13⁹1. 24, 452. 26, 737

741. 376, 299 480. 27, 507, 523. 2,8 amplexaque 109,139
amborum 110, 154. 118, 53‘2. 31, 619. 66, 683. amplexas380‚ 4'13

384.123,5ο’7. 168,153 79, 817. 90, 395. 107, amplexibus 111,184.194‚
ambos 184. 631. 308, ’685 60‚68. 108, 96. 110,150. 143. 397, 861

Ambraciam 391, 714 156, 170. 112, 203. 113, amplexo 139, 103
Ambrosia 425, 606 235. 114, 2561 116, 330. amplexuque 40, 42183,
Ambrosiae 14, ’120 150, 396. 155, 526. 179, 605

Ambrosiam 1⁵12, 215 469. 192, 82, 93. 215, amplexus63, 627. 126, 597.
,ambustaque 47, 209 703. 218, 805. 219, 831. 212, 616. 928, 177. 256,
ambustique261,174 223, 62. 225, 112. 272, 52. 274, 537. 319, 298.
amem 219, 824 400271, 514’. 280, 719. 341, 22

amens 53, 334. 99, 628. 281, 730, 7:37. 285, 96‚amp1e'exusque 328, 459
117. 351. 123, 515. 130, 29. 3:38, 743. 339, 793. amplifis 114, 257. 329, 478
- 691. 337, 723. 359, 777 351, 416 393, 762. 394, Ampyea356‚ 450

⁷ amensque 220, 849 768. 427, 631. 436, 7 Ampyciden 356, 457
ament 272, 453 amorque 133, 758 Amp) eides 235, 350
amentes 50, 398 amore 31, 619. 93, 464, Ampycidesque 231, 316
amentis 218, 793 489. 111, 19⁶2. 179, 499. Ampycus139,110
amento 371, :321 189, 25. 202, 375. 226, Ampyx142‚1’84
ames 189, 23 124. 228, 184. 238, 435.Amyclide291,16z
amet 91, 405 274, 510. 290, 155. 297, Amyclis234, 514
ametur 271509 333. 300, 451. 330, 527. Amycus 349, 945
-amici 295, 278. 421, 496 339, 774. 385, 554. 400, Amy monem 49, 240
miciorse1,440 946’ AmJntor 353, 3’64
amicis 332, 565 amorem 25, 469. 26, 496. Amvntore 23:²3, 307
amicffiae 199, 301 110, 705. 114, 270. 220, an 13,196.15,223. 98.
amicitur-156, 546 860. 238, 450. 275, 560. 5:37. 30, 586. ειαῑὶὀὶ ᾳκιὶηι
amicius 455, 443 281, 748. 287, 83. 294 p.lur
1111110092, 457. 366, 70 249. 299, 404. 306, 637. Anaphen 206, 461, 162
ami-meos, 492 40:213. Ξ129, 703 Anap1s151,4'1⁷
amictae288, 100 ¹ amores 25, 46⁹1. 31, 617. Anaxaretes 4:31, 750
amictu 116, 313 248, 1 109,137. 110, 170. 111, ,4110791240519

412, 263 , 191. 111, 276. 157, 576. Ancaeo 231, 315. 237, 107
amictum& 104. 116, 318. 271, 518. 299, 4⁴26. 300, Αηοεειιε237, 401

142,1.80 439. 304, 577. 338, 750. Anchisae 271, 4¹24- 390, 680-
amisitSOQ, 499 393, 737. 404, 39 407,118
8111111311ωέ, 773 amori 218, 801. 224, 75. Anchises388‚ 640
ωζκεοὶιιὸὀ, 585 260, 164. 276, 594. 278, Anchora 18, 2197. 44⁶7, ‘¹65
amissamque 373, 235 652. 296, 319ἷ 299, 418. anc3'p3temq1’1e 236, 597
amussi 386, 579 < 338, 767 anc3pjtesque 419, 438
1101183071, 824 ammi'bus 111, 259 · 611016111352337

0314, 68 amoris 28, 540. 72, 8:36. Andraemon ⁰67, 383. 268,

811118300884,514 ⁴ 86, 283. 224, 92. 259, 363
Αωίῐὲἒιὲἓωωςδῦ amssfinmffl ,357116 3-06 δῇ ἓιῐιιέἔιιῖῖςᾞῗῃιιρεδέιῗέ,3ἒέθ
amittere 155, 519. 460, 556Amp himedo'n 138, 75 Androme am 1⁶29,671.13⁰‚
Ammon 129‚671.136,·17.Amph30n 172, 271’ 7. 7

147, 329. ’,449 309 Amphiona 176 102100011389665

2¹12

