VOCABULORUM. 519 Ψ

1818136, 754. 85, 950. 909,1’818118938,453. 438,54 θυι-13461677
360. 985, 19. 416, 358 1818113 -161,609 1131118387. 604

falsu} ue442, 155 fataliter 343, 67 favilla 173, 325.192, 80.
Falsis 319, 206 fateamur 274, 518 246, 667, δα), 697. m,
fflsisq ue 181, 569 fatebar 919, 639. 916, 753 575
1111εό 376, :308 18186818430, 793 favnllae 51, 984
sals6qne ’147, 319 fatebitur 974, 515 favillam 48, 931
fflsuun 136‚11. 199, 297. fatebor 174, 356. 190, 33. Fanm 176, 392

957, 75 408, 194. 433, 844 Faumque 13,193
salsus’ 955, 94 fatemur 108, 76'. 939, 499. Faunjgenaeqne 419, 449
filma 51, 268. 116, 305. 144. 469, 773 Faunine 174, 329

256. ⁹145, 262. 157, 580. faten60354,407 ‚ Fauno 393, 750

169, 30. 179, 967. 931, fatentem 109, 718 Favoni 978, 660

967. 959, 137. 966, 316. fatentis 275, 560 187010118307, 656

278, 665. 286, 45. et alibi fatentur 55, 389. 132. 737 favore 264, 46¹. 271, 425
ἥι111888, 339. 96, 546. 959, fateor 226, 197. 268, 369. favorem429, 706

141. ’,813 86] 459, 58. 306, 643. 364, 16 371, fausto 283, 784

475, 878 189. 419, 410 fautrix 78, 101
filmaq ue285, 28 fatere1 915, 733 favus 246, 677
Famaeq 194, 146. 909, 549. fateri 96, 558. 130, 685. fax 284, 6
275, 555. 430, 732 056, 53. 974, 513. 275, faxo 86', 271. 360, 594
famam 24, 445. 94, 512 544. 299, 420. 359, 544 fecerat53, ffl- 77, 50- 89,
famamque 955. 14 fatetur 977, 637. 994, 255. 362. 97, 578. 124, 528.
Fame 141, 105. 250, 784. 329, 49¹. 464, 27. 473, 342, 64. 357, 498. 373.
252,843 850 229. 404, 51. 447, 281
fameque 325, 369. 366, 52 fat1219, 833. 268,359. 442, fecere 119,419.194,548.
fimem 316,1»9.395,371.159 · 172, 268. 181, 566. 314,
411, 216. 451, 355 faticano 270, 417 70. 412. 256. 427, 638
fames 951, 814. 959, 845. 1811ςί11856,ιὲ 455, 436 fecerit 59, 514. 341, 96. 400,
442,138 fatidicamque 19, 321 941 ·
famulae 113, 993. 412, 960 fatidicusoe, 348 f601274540. 276585. 370,
famma‘nia 461, 597 fatiferolr 1, 251 168. 2372, 206
famulas 113, 990 fanferum 657, 492 fecimus369,140.410.9fi
famulasque 1045. 106, 35 fatigant 153, 485 fecisse 88, 337. 118, 381.
famuli 101, 694. 418,'.418 fatigat 30, 573. 946 686.147,399. 37:3‚236
4311741 231, 825 fecissem 276, 607. 378346
famul'is 96, 562. 275, 567- fati ga’tlun 231, 260 fecissent 2:36, 376. 341, 9
414, 311 fatiasga 16, 256. 20, 358. 65, fecisses 181 540

famu1’0s91‚ 229. 218, 811 655. 161, 5. ’271, 429, fec1st1 139 94
famulosq==6191,619.249,752 430. 309: 724. 366, 51feci18,78’ 27,52o. 44193.

famulum ue97, 574 379, 379. 460, 557 59, 507, 524. 84, 232.
famulus 1, 979. 318, 183 fatuaque 374, 266 86, 277. 93, 466. 100,
1818133,πό fato 47, 189. 59, 305. 138, 65 670. 107, 59’. 119, 908. -
farris 140,131 fatorun’1 45 156. 64639. 111, 958. 115, 29⁹2. ec
fas 41, 57. 61-,6-15. 69, 767. 930, 241. 967, 336 alibi p.lur

120‚428. 151‚417. 184 fatum’ 113, 249’. 165, 90. femtq ηερ-195, 607

619. 274, 509’ 269, 385. 237, 412. 269, 394. ’,471 fefellem1305,528.594,771

231, 747. 474, 867 807 fefellimus 348, 218
fasque} 182, 585. 275, 551 fatur 211, 694. 409, 167 tele147‚330
1885868899353 18188345, 199. 425, 596 473, fencem 299, 499. 318, 917.
spssoque371‚ 189 843 3816520
fisssum 416‚333 fauce430‚ 738 felices 295, 299. 997,
fassnrae 275. 561 fauces 51, 989. 174, 355. 421, 480
‘'855157‘2, 836 196, 203. 250, 802. 957, felicesque 145, 267
171ς1131821,173. 39,3 79. 998, 378. 345148. iblic1172235. 437‚13
fastigiaque 464, 679 358, 509 felicia 133, 761. 212, 6 Ο.
fastus 431, 762 faucesque 251¹, 819 223, Su? 940, 519. 258, 92.
fata 63, 617 6,4 618. 63, faucibus-10:51. 449, 320 426. 627

657. 89, 176. ²6, 518. faveant 131, 709. 265 465‚781 felicibus 3:*2.719

195, 570.146. 998. 155, faveas 68, 747. 98, 613. seht-ior 3061133408, 142.

534. 159,635.181,57οῘ174,3-,ν7,398 ’ »17619 ⁷

181, 639, 649. 901, 346. faveat. 377, 331 felicisque 71 809

ct a'libi plur. faveatque ’-471,870 felicissnma 1(8155
finale 149, 189- 939, 479. faventnl, 153. 451, 367 tenc-,iter 913, 659. 991, 4.

270, 411. 379, 381 faventibus 438, 19 ⁴294 2--17 334 643
sata1em460. 551’ faventum 906451 felix 80, 139. 95,517. 116,

8111118θώ111.19485.90,,1ωει90 888. 211726. 231, 399.169, 193185, 681.
203 2⁵⁰ 191, 60. ί,118, 511. 215,

