'VOCABULORUM 531

hominem 59, 591. 196, 609. hortptus 151, 421 humero 56, 419. 182. ⁵93·

ωε, 105 hortis 155, 535 234, 32²0. 3⁴5, 123. 351,
hominemque 146,‘297. 355, horto 245, 646. 292, 190. 2²99. 354. 415

431 · 395, 797 humeroque 176, 404. 292,
homines 195, 185. 334, 638. hortos 426, 624. 427, 656 195

388‚632‚ 645. 441, 117 hortus 429, 690 humeros 19, 332. 25, 457. ·
hominesque 62, 578. 232, hosne 51, 285 , 64, 635. 111, 160. 179,

753 hospes 11, 144. 66, 695. 476. 353, 376. 809, 914
homini 80, 136. 406, 94. 442, 79, 129. 117, 338. 198, humerum 168, 168

138 639. 130, 695. 134, 7953. humerumque 353, 362 ,

’1101111015 22, 405. 193, 195, 174, 330. 192, 90. 993, humerus 176.406
128. 317,178. 460, 556 228. 306. 620. 390, 68⁴2 11u1n9t309,509
hominum 70, 780. 128, 631. hospita 99, 637. 154, 493. hunu 21, 5⁷6· 58477.. 78,

456461 169,19o 105. 79, 197. 91, 420.
hominumque 21,366 hospite 11, 144. 189, 21. 241,5Ξ9
honor 43, 99. 302, 501 , 242, 569. 393, 760 humida 92, 407. 45, 1⁴3.
honorque 293, 217 hospitibus 246, 685 150, 390· 221,2. 9425&ss-
honor-at 406, 81 hospitiique 167, 45 ⁷ 287, 71
· honoratos 22⁶3, 9 , hospitio 159, 658 · humulus 23, 432. 195, 187
honore 13,194. 61684. 95, hospitis 995, 224. 315, 95. humilem 76, 30· ¹207, -163
591, 594. 147, 319. 242, 4:27, 8 humplesque 177, 417
568. 991, 170. 381, 447. hospitium 128, 642. 904, l1urn11197,583. 499, 699
400,919. 408130 . 403 hunnus 454‚4‘24

. honorem 51, 285. 236, 387. hostes 27, 507. 134, 802. humo 57, 448. 69, 771. 113,
364, 16. 374, 272. 386, 194,139. 224, 88. 234, 240. 111, 264. 159, 647.

598. 408, ,198 338. 368, 121. 372, 207. 210, 560- 315, 110. 363, .
honores 29, 565. 248, 740. 377, 345 . 596. 381, 442
375. 887. 386, 594 hosti 25, 458. 138, 89. 179, humor 23, 417. 91, 411
honori 62, 590 ¹ 276. 205, 420. 208, 510. Ιῶ, 233. 268, 358. ⁶275,
honon's 238, 438. 293, 914 918, 789. 223, 41. 961, , 566. 440, 79. 446, 947
honorum 209, 548 178. 360, 595. 379, 376. numm-que 23, 430
honos 232, 277. 367, 96. 384, 516. 410, 179 humore 174,354
370, 153 hostia 441, 112. 467, 735 humoribus 49, 23⁷
hora 110, 156. 154, 499 hosnbus 190, 31. 193, 135. humons ⁶263, 894
hona 309,784 225, 102. 372, 212. 377, humum 10, 136. 6⁷, ⁷10.
horae 40, 26 338 125, 573. 128, 636. 132,
¹horamque 277, 611 hostile 223, 39 742. 138, 84. 146, 293.
horas 112, 199 hostilique 458, 505 159, 639. 183, 607. 186,
hordea 413, 273 hostilia 158, 628. 384, 515 706. 210, 574. 2:31, 258.
horrea 232, 293 hostis 13, 185: 27, 504. 78, 243, 587· 317, 166. 334,
, horrenda 14, 216. 189, 8. 95. 2⁴23, 45. 261, 179. 642. 448, 302. 465, 689
448, 298 342, 66. - 374, 253 humumque 318, 185
horrendaque 76, 38 hostisque 316, 160. 373, 243 humus 10. 138- 127, 619·
horrendoe 134,782 humana 14, 213. 65, 661. 150, 590. 193, 123. 199,
horrendus 194, 151. 293, 126, 582. 443, 167 284- 210, 560. 416, 379.
760 humanae 263, 997 418, 410. 439, 56. 440,
hon-ent 232, 285. 396, 846. humanam 213, 642 97. · 447, 268
468, 516 humanas 6, 55 Hyacinthe 291, 185
horrentia 133, 778. 237, humani 16, 246. 285,.⁴35 Hyacinthia 293, 219
428 humanis 434, 64 Hyacinthon 293, 217
horrescere 58, 478. 413, humano 51, 289. 262, 194. Hyadasque 98, 595. 375,
979 , 409. 168. 410, 201. 456, 293 ·
, horret 180, 530. 299, 414. 464 Hyaleque 81, 171
301. 460 humanos 273, 500 Hyanteo 233, 310
horridam, 126. 238, 284 humanum 14, ωδ.. 408, 131 H yantius 80, 147
horridus 27, 514 humectat 278, 655 hyems 40, 30. 391, 709. 421,
horrifer 7, 65 ,humente 336, 691 - ,481- 445, 212
horriferamque 35, 725 humentes 2328, 464 hy‹ mes 9, 117
horror 265 291. 410,.198 humenti 31, 604 , hvemisquesssw, 521
horrore ¹263, 845 humentia 4, 19 Hylactor 224. 84
horruerant 212, 631 humeri ⁷9, 109. 314, 83 Hylwusque 83, ⁹313
horruit38, 494. 183, 602 humerique 36, 741. 126‚592. Hylen ⁷353, :278
hortamine 1⁷, 277 129, 658. , 152. 434. 354, Hyllus 265, ‘279
hortanda 371, 198 ” 397 - Hylonome 304, 405. 355.

hortatibus 801.330 humeris 51, 297. 62, 582. 423

hortator 98. 619. 365, 45 122, 493. 308, 700. 339, Hymenaeon 348, 215

hortaturque 229, 215. sm, 770, 789. 354, 396. 368, Hymenaeus 133, 758. 177’ι
55¹⁷ 516. 375, 981. 38⁷,6225 429. Q} Μ 2

