594 INDFX
213. 375, 2³0. 574, 267. 158, 605. 153, 47. 151, solverat 155,535. 195,186.

411, 2¹29. 41⁸2, 253 63. 181, 559. 19⁰2, 79. 217, 765. ’265, 274. 298,

sociosque 283, 795 249, 763. 265, 267. et 309’ ·

. soc1um315, 94. 350, 283. alibi solvorexo4, 6. 336, 682. 433,
’ 428, 678 soletis 396, 843 811 .

50130, 592. 40, 32. 56, 417. soletur 143, A‘A9 solvi “¹¹ ¹5 102. 256, 58. 473,
⁷7,50. 80,145. 153,483. 5011, adj. 168‚173. 362‚624. 815

“ 156, 570. ’158, 614. 174, 383, .·’707 solvit 13,181. 143209. 73,
339. 213, 6613. 324, 353. soli, εἰώςί. 228, 181. 397, 853 853.335,261.149,380'.
387, 605, 618.. 395, 811. solique 428, 68⁷3 195, 191. 226, 153. 256,
404, 54. 4 7, ,20 solibus23,1135.164, 63. 5⁴2² 271, 427. 280, 707.

Solque 122, 488' 595, 793 . 283, 793. 3¹ 0, 246. 337,

oola 20, 351. 30, 593 59, solida 195, 181. 404, 49 712. ’,406 86. 458, 48.
519. 85, ⁰56. 134, 791. solidam 291, 180. 314, 72 439,74
163, 45. 195, 188. 219, solid·1s‘A4‘A‚'551 solv11ur419, 445 '
824. 5¹82, 758. 364, 15. <01111a16015124 solnm, subst’. 7, 73. 50, 260. ·
381, 450. 384, 514. 403, solidis 45, 147. 128, 616 102134. 1⁹15,298. 148,
19.295,312.428,681.solidissim’a447‚262 357.190,52.193.113.
432‚783.171,8u7 solido 182, 573 196, 206. 250, 789. 418,

nola 58, 489. 110, 153. 368, solidoqne' 352¹, 356 407. 454, 428. 464, 672
115 solidmum 445⁹, 250 so¹g=n1,a‹17·.’41, 52. 224, 70.

201ae 106, 3‘2. 177, 421 solidum ΞΔ ,409- 320, 232 35 32¹, 582 375, 275. ⁹398,

solam 2¹98, 395 solidumque} 5, 31 88.7’

5013n11a3-;g‚ 448 solidumve ,277 613 solum, adv. 249, 755. 595,

selune 469, 768 solio 40, 24. 86, 273. 184, 817. 456, 456

soiaq ue 116, 304 650. 412, 262 κ solumquo. 104‚12.413,286

solam 172 2’92 Solis 10, 135. 23, 418. 37, s01v0213, 652’

solata393’, 747 767. 39, 1. 45, 151. 46, solus 101, 688. 127..607 165,
solatia 127, 504 138, 73. 152. 75,10 82,18:3. 90, 98. 17'0, 210. 204, 71
142, 191. 176, 413. 240, 394. 110,170. 112,214’. 275, 546⁹. 374, 271. 373,
¹510. 255,7. 278, 653. ⁶289, 113, 232. 128,633. 152, 35δῖ 379, 384' 384, 529²
132. 323, 329. 339, 782. 445 bis. 163, 40. 250, ‘225' 411, 217. 420, 469

313, 80. 386, 598 281,735. 404,33.409,s01usque125532’3

Sole 7, 63. 36, 751. 37, 172. 416, 346. 418, 433501101192107.2473712
771. ’53, 231. ,’54, 364. 69, 462, 619 solutis 81, 170. A42‚· 555.
7653- 71, 808. ’91, 412. solita, 186, 686. 222,17 3 ,,,,, 612
93, 489. 218, 809. 258, solita 81, 173. 260, 1⁷63. 283, soluto 386. 584
93. 278, 661. 295, 284’ 786 solutum A51, 817. ..335,648
339, 770. 403, 10. 417, solitaque 46, 162 338, 743
400 solitaeque 15, 234 solvunt 465, 696¹

soleant 451„ ε157 solitam 94, 499 somne 334, ’623 5

1010311168οό solitas 77, '⁷2 somni 196, 213. 213, 646.

ao1ebam⁴¹ A,18 810. 219, 818 sohn 198 270 649. 251', 824. 279, 685.

soleban1207'‚ 70 ⁵01111382,200. 84,212 332, 586. 333, 5⁹3. 372.

solebas-SA Ὀ, 237 solito 125, 554. 171, 240. 216’

nolebat 32 6:39. 57, 448. 72, 192, 84. 242, 557.² 258, somnia 272, 474. 2¹73,= 495
845. 81, 163. ’97, 586. 105. 306, 638’. 352, 316. bis 333, 588, 614. 344,

22219. 289,119.3.17, ⁴117,ssssss 617
422 352, 354. 359,541.s011tnm 108, 83 somniferam33, 672
380, 417. 381, 441. 415, so1itun1que' 113, 231. .,=367 εοιῃηιῖετῐίι) 280, ’693
340 78 somnique 418', 424
solem 55, 594. 110, 170. solitus 219 818. 313,182 somms 215, 663. 463, 653
114‚‘A70'. 416, 375 sollicita 231, 271. 006, 639. somno 15, 224. 35, 71’4. 70,
solemus178,452 429, 7‹6 779. 1³79, 489. 272, 480.
solenni412 ⁹¹, ‘262 sonicn’tae179,500 280, 694. 320, 2:38. 360,
solennia AM, 4 ν sollicitare 178, 463 579
solent 93, 483, 489. 117, solhcuat 279. ’682. 317, 170 somnoque 98,608- 159, 658
365. 15⁷7, 583. 182‚537.50111c51a1que 122, 473 somnos 34, 685. 68, ⁹735.-
192, 106. 212, 552. 310,s011icnique205, 454 194‚153. 198, 253. 833.
737. 331,645’. 312, 51.s‹›1¹i‹·itis 419, 453 Χ 604’ .
448, 295 soilicmvea 7’3, 599 somnum334, 631· 335,675.
soleo 61, 573 sonacnn 44, 125. 186, 699 389, 676
solerti 133, 776 s010,1‹11·.191,58.321'³,450 somnus 134, 784. 194, 155.
solertia 22, 391. 182, 575.s010,.‹11ust.23 420, 56, 420. 200, 329. 212, 634. 213,
281, 740. 377. 327 ² 114, ‘251 154, 496. 171, 643. 224, 842⁹ 251, 823.
solert’in s 31⁹1, 63 5. 426, 524 246. 314, 76. 371 175 272, 471,' 479. 298’, 368.
§olet 41, 69. 71, 325. SA, 5010. 5'x‚6 731. 334, 638 335, 64¹7

184 87, ¹294. 93, 484. solveiate' 101, 700 somnusque 437,25

