VOCABULORUM. 617

volucrisque 35, 722 · votnm 93, 468. 247, 201 usae 405, 68

volucrum, adi. 49,234. 113, voveam 279, 674 usquam 30, 586. 336, 680.
145. 196, 218 voveo404‚ 35 · 342, 41

volucrum, subst. 146, 301. voverat 283, 793. 316, 128 usque 78, 91. 87, .’109- 115,

⁷ 187, 71.7 341, 15. 422,v0vistis 367, 88 298. 146, 313. et alibi
508. vox 29, 561. 41, 51. 54, .373. ussit )77, 62⁹3

volucrumque 290, 144 58, 483. 62, 579. 65, 675. usta 193,110

vulvera-⁸447, 279 78, 96. 82. 201, 202. 87, ustus 10,119

volventem 1'56 565 ’ 296. 89, 349, 359. 90, 398, usu 9, 99. 295, 286. 451,

volventia 193,109 399. 94, 499. et alibi 365¹

voluere 179, 497 urbe 99,624. 125, 566. 209, usum 22, 408. 40, 36. 89,

“ volvere 242, 551. 516. 222,7. 438, 35 458, 359. 1'33, 775. 156, 562.

volui 144, 258. 196, 199. 504 176, 410.199,99.230,
268, 362. 285, 25. 410, urbem 79‚130. 107,58120, 946. 285, 37. 304, 565.
179 437. 164, 77. 213, 652. 406, 98

voluisse: 277, 621. 458, 502 202, 363. 223, 60. 238, usurus 315, 102

νο1111311179,·197 447. 321, 275. 335, 651. usus, subst. 53, 232. 65, 653.

-volmstis386‚ 597 388, 631. 390, 687 6⁹95. et 89, 367. 9⁹6, 551. 121.

votuit 71, 812. 87, 295. 90, alibi 524. 139,111. 16), 29.
375. 218, 798. 256, 50. uxbes 36 749. 47, 214. 54, 307, 651. 310 7:37. 372,
306, 626. 458. 502 370. 88⁹, 339. 94, 511. 112, 211, 215. 389, 654. 409, 2.

voluit’q ue 287, 68 212.115,296.146,3.06 413, ‘268

νοΙνίῐυι 29, 570. 171, 258 ·162, 11. 177, 419. 190, usus, particip. 206, 440. 240,

volumina 387, 601 , 50.196‚211.et‹1lz'bi 560. 359, 562. 389, 657.

volumnae 4> 71 urbesque 18, 301. 40, 15. 42, 467, 724

vo1unt 160 675 ¹76. 70,793. 176,-112 ut 8, ⁹94. 12,163,19,324.

voluntas 41, 53. 216, 678. urbl 208 484. 341, 26. 467, 20, 337. et alibi quam plur.
2⁷6, 597. 277, 6⁴26. 347, 741 ‘ utque46, 163. 70, 773. 71..
177 ur1nb11se51832.391‚708 82> 109 131 et'alibivlur-

voluptas 73, 862. 88, 321 u1b=s 108 86. 127, 608' 210, υ 131345, 121
116, 327 219, 822. ⁰264. 553. 232, ⁶298. 3 0, 526. utfflque '2422 559
243. 272, 480. 273, 484. 348, 225. 372, 207. 374, utentem 35), 355

393. 751 261. 424, 580. 432, 774'. utere 258, 110. 307, 658.
volutantw 389. 342, 55 435, 849. 437, 18. 439, 59. 38²2 4>⁷ 403, 22
vomens 349⁸, 239 471, 820. 474, 863 01011239 490
vomentes44, 119 ureba'nt 218, 808’ utero 86, 269. 89, 314. 226,
vomere 312, 31 urebat 422, 533 133
vomeribus 9, 102. ureret 174, 339 uterque 241 593· 280, '712-
vomit 131, 729. 148, 353 ureri3119,195.189‚02<2 419, 454
vomunt 122, 494 ungent 106, 35 uterum 265, 780, 787
1101710101· 251, 810 urges 121,160 1111428, 681 >
, voracis 410, 94 urget 118, 890. 148, 347, utile 106, 39 223, 56. 336,
voragine ‘252843 234, 5⁶28'. 339, 774. 364, 69⁷
vorat 393, 731 26 ’utilibus 388, 630
vortice 157, 587. 942 555 urgeturque444 18⁶2 utilis 295, 286
vorticibus 258, 106 urimur 219, 820 ufflstas 178 438- 371, 191
vos 88, 330. ’96, 546. 54¹7 uris 111, ‘2921- . utiliter 372, 206
557. 125, 549. 130, 696. urit 277, 623. 281, 730. 316, utimur 349, 259 .
οε αἰίὀὶρῑῖιν. 130 utinam 93, 467. 96, 549.
vosne 95, 538, 540 uritur 26, 496. 71, 809. 92, 181, 540. 209, 519. 240.
vosque 80, 140. 170, 211. 430. 240, 516. ⁹394, '763 501. 299, 202
240510] 285,34 urna 76, 37. 336, 706 utraque 85¹, 255. 88, 3⁴23.
vota 17, ‹27:3. 43, 89. 118,11mfi 1lb‚166 336, 1⁴⁷ Γ
·373, 387. 180, 513. 191, urnaque 419, 441 utraque 129, 666. 181,5)0-
51. 206, 449. 211, 593. umae 76, 39 . 936. 397
212, 633. 213, 652. 2241171166] 3’61, 616. 438,44 utramque 6, 50
'71- 2‘26, 152· et alibi Urnis 181, ’172 utrimque 0258, 90. 393, 758
voti 249 745. 301, 481 urnisque ⁶286, 43 unique 107, 66
’ votique 234, 80. 237, 409 utor 93, 464 ntro 141,16’6
votis 331, 51’0. 332, 58⁹9. 347, ursa 58, 485. 395, 803 utroque 111,126 242, 560.
192. 413, 272 ursaque 58, 494 ‘369, 147. 47⁶2, 859 -
votisque 4⁷, 186. 374, 251 07381351, 3’19. 396, 836 utrum 275, 547 ·
votiv1350, 967 urqaeque ’412 255 utrumque 110,142.111,15‘.
voto 231, 265. 266, 313. 308, urs! 210 546. 440, 8¹7 22213. 259,1.9
687. 313205. ’,389 651 urso³58'‚ 494 308 '.54o 35⁶2, utve 1'17 365. 278 651),ὥο-
votoque 26, 489 353 355,4.’17. 460, 560
votorum 2721, 538 usa 235, 347. 423, 546 uva 315484

0

