553 INDEX

Neptunum 341, 26 Nesse 258101. 259,121 nimium 28, 546. 87, 304. 95,
Neptunus 51, 270. 124, 539. Nesse=s356, 455 525 108, 75. 157, 5821
305, 606. ’347, 198. 359, Nesseo 260, 153 163, 38. 189, 14. 298,
558 Nes 0258, 112. 351, 308 363. 359, 564. 366, 58.
neque 17, 503. 33, 680. 40, Nessoque 258, 119 372. 222
22. et c'ilibi quam plur. Ne sssu 255⁴ 108. 25,9 131 nimiumque 87, 292. 107, 49.
nequeat58‚ 488 Ἀθῖῖθῒ 233, 313. 346, 169 124, 547. 186, 686. 244,
nequeo 240, 506. 269, 388. Ntstora 366, 63, 64 616. 272, 461- 327, 440.
273, 502. 277, 625. 376, neutra 138, 91 405, 68
3ο3’ neutrumque 118, 379 nimius 153, 483
nequeunt 71 821. 210, 570. nexaq11e122, 491 Niobe 168,148. 156, 165.
329, 457 nexibus 76, 41 , 172, 273 Ῐήε. “
nequicquam 62, 477. 108, nexilibus 1’67, 128 Nioben 172, 286
78.1.36, 33 1’52, 438 951, nexilibusque 58, 499 Nise 226, 126
827. 275, 563. 284, 3. 337, nexis 204, 41². ’219, 747 Niseia 223, 35
738. 359, 559. 417, 396. nexu 171, ‘24² nisi 4, 8. ⁹22. 400. 24, 442· ’
431, 765. 433, 797 nexuque ’100, 664 et alibi qudm plur.
nequiere 391, 707 nexus 256, 58 Nisus 222‚8
nequiret 553, ’385 11ίά1453,404 vnitar 377, ’383
nequis 224, 64 nidis 338, 746 niteant 68, 736. 164, 65
nequit 22, 409. 184, 653 nido 180, 517. 229, 214 nitebant 2’89, 115. 3⁹16,124
Nerea 51, 268 nidor 346, 153 nitebat 336, 690
Nereaque 344, 94 nidos 231, 257 nitente 208, 506 “
Nereia 370‚16'2 nidum 453, 397 nitentem 3’1,610. 117, 361.
Nere'i-vdass 5, 380 nidus 341, 15. 396, 833 412, 262
Nereide344, 93 niger 77, 76. 332, 568. 352, nitentes 128, 636
Nereides 18, 302. 324,361. 326 nitenti 302, 508
413, 264 nigiaque 126, 578. 278, 664 nitentia 256, 50
Neie'iduni 136, 17 nigrae444, 187 nitentior 292, 211 ·
Nerei-13¹. ²0, 259. 393, 749 nigram 84⁵, 221 nitere 265, 267
Nereius 214, 690 - nigrantes 60, 535 61181307, 647
Nereus 13,187. 341,24 nigras 470, 783 niti400, 937
393, 742 nigrescere 62, 581. 100, 671 nitidae 171, 241
Neret'isque 324, 361 nigri 47,198. 120, 4:38 nitidaeque ’2Ο7, 470
Neritiaeque 423, 563 ni „frier 330, 500. 354, 402 nitidaqque 338, 764. 430, 720
Neritiasque 391, 712 nimique 387, 601 nitidiquew, 666
Neritius 409, 159 nigris 58, 478. 207, 468. 323, 11100157, 74. 91, 207
nervi 176, 58.). 235, 364. 261, 315 nitidissima 431, 768
174. 359, 567 01111069, 760. 215, 648. 395, nitidissimus 117, 348
ωτι-14527. 518. 48 340. 285, 817. 438, 46 nitido 31, 603. 187, 720.
16. 289, 108. 311, 5. 445, nigrum 49 ‘⁷236 279,688’- 345,129
224 nigilimque 213, 641 nitidu’m 221,1. 301‚475.
nerto 138, 67. 255, 357. 236, nihil 67, 707. 90, 392. 97, 396, 838. 43⁷, 30. 440.
381 590. 136, 30. 143, 221. 487
nervos 458,5‘.>5 145, 973. 152, 437. 162, nitidumque 376, 294
nervosque 286, 40 25.173‚305. 178, 465. nititur 63, 618
nervosus 171, 256 186. 685 nitor 28, 552. 42, 71. 266,
nervumque 63, 615 nil 36, 743. 70, 796. 92, 465. 301. 3⁹68, 105

nervus 172, 286 97, 568. 98,610.113,1111018 113, ’233

ιιε-,εοίαὸο 578. 31, 614. 73, 245. 120, 426. 226, 140. nitorem 11⁹3, 231 321, 271 ·.
869. 116, 30. 203, 380. 238, 440 268, 367, et'alibi nituntur 247, 694
256, 49. 260, 155. 267, 15111635, 728 , nive 236, 373

336. 301, 481. 402, 3 Nileus 142, 187 nixea 147, 330. 290,138·
nescierat 67, 349 Β111468753 295, 272.’ 300, 432
nescimus. 275, 553 Nilo 142187 niveae 416, 367
nescio 25, 461. 30, 590. 92, Nilum 28², 773 niv ei394, 789

457 157, 597 169‚1··›.5 Nilus 23, 4⁷23. 50, 254 niveis60‚ 536. 83, 218. 108,

191, 62. 219, 8[7, 844. 1111116117, 26.9 423’, 543 89. 203, 379. 388, 643.

266, 309. 273’, 491 313,1111111115 17, 266. ’258, 105. 438, 41

52. 337, 716. 361, 616. 330, 519’ niveis'que466, 715

396, 844 nimbisque 19, 328 nive 91,42:3. 414, 313
nescis27, 514 nimbos 17, ⁶..6'1 87, 300 nives -‚286 692. 263, 221.
nescisse 65, 660 nimbosi 331551 439, 69
neseitsso, 585. 49, 234. 92, nimia46‚ 164. 183, 629 310, niveum 73, 865. 294, 247.

480. 1’02, 721· 125, 563. 738 396, 829

331, 448 nimiis 235, 34⁷ nixibsis 48, 222. 242, 555
nescius 41, 58. 58, 503. 224, nimios304, 577 2123, 221

66. 24021. 406131 nimis 26.4’94. 189.ss nivis rasse

