VOCABULORUM. ’ 529

gravidaws, 659 141,173. 171, 236. 352, 701. ³50, 266. 358, 617.
gravijdae 193, 998. 279, 672 325’ 371, 907. 376, 313. 386,
gravidamque 85, 260 G yaroqhe 144, 292 570. 388, 619’. 399, 919.
gravidamve 808, 531 gyrhm 918, 789 400, 91⁹· 403, 25. 421,
gravidi 232, 294· 487’. 428, 68 ,5, 688131,
gravidis 9,110. 100, 665. H, 761. 436, 5

199, 281 habetque 424, 568. 450,
ετανίᾱηεδοῼ, 505 ἨΛΒΕ 110, 161. 215, ⁷98. 349
gnavior284, 8 428, 679 . habetis 461, 609
gramm-a 437, 33 habeant 258, 95 habeto 140, 135. 343, 80
graviore 910⁷, 559 990,150. habeat 169, ’184 ’ habetur 296, 325. 370,1.59

347 203 habebam 157, 581. 373, 247 habili59, 530
gravis 17, 266. 28, 548. 93, habebant 18, 291. 335,673. habitabat 162,13

471. 98,608. 113, 940. 278,657 118111131111156, 49

134, ¹784 154, 511. 1⁷4, habebas 35, 720. 112, 207. habntanda 7)

339: 199, 299. 901, 355. 9- ’6, 1:37. 388. 643 habitandae 7, 74

244, 610. 258, 113. 320, habebat 39, 625, 699. 56, habitant 19, ’17:3. 250, 790
244. 329, 496⁹. 535, 65 (3. 41⁷. 64, 641. 89, 360. habitantem 316, 147
348, 89. ’368, 108. 426, 153, 467. 177, 495. 913, habitantum 406, 90 ·

6'28. 443, 1653 667. 217, 775. 252, 851. habitare13,195’ ⁷
gravitas 256, 39. 265, 287, 81. 358, 513. 419, habxtasze 1). ‘774

350, ‘283 4112. 496, 699 habltat‘3331502
gmvitate5, 80. 7. 67. 14, 11a}›2hat11r9'31,969 habitavit354, 406

207. 46. 162. 71, 821. 72, habebunt‘ 29, 558 hab1tu4)7 543

84⁷. 161, 73. 900, 308. habemus 41, 62. 145, 272. habitura 274, 594

987, 478 ⁷308, 678. 384, 916, 761 -habitus‹1ue33,¹766,⁷68. 222,

618. 560, 5⁷1: 4:37, 21. habenas 1⁷, 980. 45, 151. 22

446, 949. ’449, 321 46,169. 55 390. 150, habuere 118, 373. 301, 489.
gravius 88, 333 401.170,9‹›. 196, 991. 3,13 49.118‚ 989 ,
gregessss, 660 457, 481. 458, 520 habuisse 82,188. 215, 713.
greg-2⁸50, 690 95 53⁷. 97, habendi 10, 131 322, 292 . , ’

585. 128, 635. 176, 395.lnben‹1u111657 habuissem 181, 541

391, 276 habendus38, 660 hab111139‚656. 52:310. 68,
gregibus 209, 540. 242, habenis 43, 87. 251, 813 729, 738. 79, 1²9. 80, 149.

553 habens 338, 768 82, 189. 100, 680. 107,
gregis 14⁷, 397. 900, 311 habent 112, 215. 213, 656. 56. 158, 609. 980, 706.
· gremm 999, 406, 410. 389, 232, 283. 248, 739. 302, 314,107

658. 393, 787 506. 303, 550. 494, 569. hae 1’2, 170. 33, 675. 40,
gremioque 191, 66 449, 313. 33. 4’4,133. 47’,204. 109,
gressu 75, 17 , habentem ⁷,68. 119, 420. 111. 11‚⁷ 360.141,152.
gressus 1⁷9, 275 - 963, 994. 450, 31⁷ 159,642.174,331.178,
ruem 165, 92 hahm’nti 39, 633. 340, 2 . 433. 186, 700. et alibi
rfnaeus 3⁹49, 260. 350, 268 habentia4, 90. 271, '448 sqre mentm·

gaeu 959, 846 haheo 97, 589. 1'54‚ 497. hactenus& 63,610. 144, 250.
gurges 454, 51 . 968, 374'. 999. :397 . 147, 339. ’218, 799. 999,
gurgite 18, 290. 59, 528. habeoque 13, 197 - 423- 343, 89. 390. 700.

195. 561. 153, 469. 154, habere 116, 516. 223, 48. 400, 956, 957. 492, 512 ,
504. 15⁷, 597. 175, 364. 959, 971. 998, 364. 397, haedo 395, 791

3⁷3, 381. 200, 324. 252, 876. 420, 464 ’ Haemon 1’65‚ 8⁷
865. 963, 327. 320, 949. haberent 172, 270 Haemonia 198, 964
330, 506. 332, 558. 447, haberet 90, 361, 362. 231, Haemoniae 99, :268
275. 466, ⁷14 ⁴ 270. 971', 435⁷. 319, 424Ῐ Haemoniam 251, 813
gurgitis 151⁹, 4⁴11. 398, 903 338, 760. 865, 46. 366, Haemoui1348‚ 9’13
guttae 54, ’860- 127,’ 618. 57. 428, 664 Haemonio 62, ’59⁹- 396‚409.
158, 633. 199, 283. 9⁷8, haberi 995, 299 343, 81
658. 470, 788 habes 105, 17. 183, 619. haerebat 320, 944. 3415106-
gamm, 344 184, 655. 959, 851. 383, 410, 204
guttis 126, 578. 153, 461. 49⁷⁹ haerebis 292, 904
418,408 habet 12,169. 20, 343. 25, haerede 257, 72
guttur 251, 1126316129.471.34,694.39,8.43,Ιιεει·εηῑ 111’,184.164,143.
41o,196 · 95. 69, ’767. 84, 239. 89, 194, 143. 910, 568. 968,

gutturawsts. 99,626. 16⁷, 360. 99,485. 122, 468.’ 366'
135.197,m 200,314.153, 461. 169.99.165,hae1·entes 109, 730
901, 8485 257, 78. 98¹7, 87, 91. 167, 128, 144. 176, haerentia ἰ.) 165.1⁷9,99o
99. 338, ⁷58. 356, 469. “ 400. 208, 500, 508. 222, haererem97‚ 599
422, 593. 466, 464 ⁷ 8. 994584 932, 983. 2Α4, haeres 97,’589.171,239.’

. guttumq ue 198, 110 > 619. 965, 965. 978, 664. 369,129. 370.154

gutture 58,·184. 78, 90. 308, 702. 320, 238. 386, haeret ¹77, 71. 253. 395, 91.

